0.32368,3.2752,0.53032,1.4189,1.5688,1.1494,0.57844,1.2016,1.7387,0.24205,0.44351,0.47798,3.4727,1.3864,1.0323,1.0417,2.0423,0.87063,3.8301,1.7836
0.51801,1.9864,0.28387,0.46688,0.32016,2.1693,0.66522,2.8142,4.5662,0.26337,0.73017,1.831,7.4549,2.6514,2.9271,1.156,4.7784,5.8808,0.73396,1.3282
1.607,2.8842,1.4067,2.1799,1.1815,3.9276,1.972,5.54,2.7401,0.090101,2.883,1.131,5.3626,1.828,5.7055,0.56026,3.606,4.7195,1.7314,1.3399
2.0049,4.8517,4.8534,5.4369,2.4748,9.0105,3.8944,8.8029,5.7444,5.7591,7.6427,4.8479,6.9877,6.8565,5.9838,2.3076,7.0219,9.0701,5.6254,4.6845
5.5639,6.5288,7.6106,5.5182,3.1286,6.3113,3.2755,6.2175,8.5748,0.71698,9.2951,4.316,3.2427,8.8662,6.3992,4.3794,7.5297,5.6319,12.96,7.5736
2.9267,1.3318,2.1192,2.4152,2.5148,2.7467,0.72114,1.3277,3.3144,1.8321,3.196,1.176,1.9078,2.2209,2.4508,0.59987,3.6287,2.9259,2.5237,1.2632
1.0353,0.27451,0.80509,0.5761,0.42479,0.80084,0.2883,0.24635,0.78226,0.92023,0.72172,0.50902,0.80836,0.62444,0.84527,0.18445,0.64597,0.54173,0.79763,0.70379
0.47898,0.21597,0.28861,0.28493,0.32546,0.38995,0.25999,0.30572,0.51093,0.44432,0.40988,0.344,0.32071,0.38573,0.49307,0.33615,0.30559,0.38996,0.347,0.45265
0.27921,0.19575,0.28015,0.28622,0.42272,0.32014,0.19788,0.31075,0.2537,0.32316,0.28188,0.40339,0.33806,0.30134,0.33602,0.33683,0.3562,0.46827,0.39004,0.39047
0.18331,0.09606,0.27072,0.38706,0.46561,0.7779,0.15474,0.53191,0.28598,0.39198,0.28616,0.63866,0.18305,0.2114,0.38383,0.26788,0.27845,0.51194,0.69481,0.66674
0.52032,0.23227,1.4808,1.3267,0.69619,1.4304,0.24804,1.2865,0.67989,0.85774,1.45,2.2653,0.29391,0.90854,0.68024,0.23263,0.61312,1.3251,1.7263,0.37797
0.34535,1.3469,2.6168,1.8566,0.63171,1.3737,0.15194,1.2222,0.70266,1.0668,0.90326,0.99666,0.0847,1.2093,1.9939,0.28464,0.21028,3.3503,7.0671,0.38348
