4.5608,1.3942,1.0302,0.74515,3.0953,2.0633,0.92515,3.5909,1.1677,0.38151
2.5993,1.7632,2.6165,1.0189,2.2422,2.7251,0.65168,1.107,1.4948,1.5422
4.6713,2.3249,8.4609,3.2302,4.5298,3.1908,1.6239,3.9092,4.1482,3.536
10.509,3.9786,3.6723,5.6992,5.9613,7.1505,5.3941,6.9002,8.0604,7.1349
11.925,6.5936,5.3715,12.281,5.9815,8.3942,4.3162,9.3823,7.255,11.14
3.3879,2.9225,1.8059,2.2225,1.5506,2.7181,2.5861,1.8248,0.93985,2.9439
0.95951,0.79213,0.84179,0.72344,0.85806,0.5912,0.70872,0.39786,0.69639,0.67724
0.46944,0.39805,0.43164,0.38362,0.38966,0.37796,0.42573,0.36789,0.43812,0.29749
0.311,0.31134,0.27783,0.23841,0.27816,0.348,0.32159,0.3584,0.24562,0.20971
0.4619,0.29942,0.42119,0.26,0.27338,0.293,0.57801,0.39528,0.12717,0.23853
1.8577,1.5563,1.9752,0.49805,0.43685,0.64182,0.41775,1.1573,0.15764,0.7647
3.6085,0.8862,3.1317,1.1159,0.82434,0.4677,0.66633,0.73501,0.12502,1.1602
