4.3577,1.3223,0.97346,0.70019,2.953,2.1465,0.88083,3.6152,1.2002,0.36615
2.5706,1.7115,2.5411,0.99015,2.219,2.6475,0.58875,1.2019,1.5648,1.4264
4.7126,2.3267,8.4876,3.2428,4.5569,3.1747,1.4907,4.0056,4.2407,3.4728
10.551,4.0365,5.443,5.7529,5.9648,7.2015,5.2828,6.8109,8.0167,7.0034
12.472,6.7896,7.0703,12.331,6.0095,8.2297,4.3003,9.1932,7.248,10.894
3.7353,3.0076,2.1631,2.8225,1.562,2.6621,2.5318,1.8673,0.89661,2.7059
0.97797,0.77898,0.902,0.7768,0.85089,0.57655,0.70478,0.41116,0.65903,0.64486
0.46733,0.39933,0.43857,0.3942,0.38511,0.36961,0.4255,0.36134,0.43023,0.29212
0.30676,0.31286,0.27864,0.24194,0.27678,0.34493,0.32245,0.35732,0.24145,0.21037
0.45533,0.30132,0.41819,0.26241,0.26832,0.2852,0.58511,0.38165,0.1255,0.24787
1.8309,1.5397,2.0118,0.51788,0.41682,0.60198,0.40949,1.1363,0.065464,0.83195
3.5777,0.83477,3.1848,1.1224,0.824,0.44121,0.69562,0.73237,0.0090952,1.2484
