4.3737,1.328,0.97795,0.70374,2.9642,2.6078,0.78847,4.0151,1.0474,0.28328
2.477,1.5536,2.4778,1.0866,2.1239,2.6758,0.54197,1.2279,1.3428,1.7702
4.3821,2.1607,7.9771,3.4633,4.2432,2.9645,1.7601,4.0748,3.9971,3.587
9.1851,4.1557,2.4865,5.0562,4.7016,6.5826,6.5891,5.7518,6.8734,6.1861
11.555,7.0701,4.9522,11.563,4.8993,7.6535,4.8671,8.2651,6.4984,10.147
4.3116,3.0963,1.5809,3.3517,1.1959,2.7149,2.5425,1.9472,0.77883,3.0902
1.1576,0.83357,0.76538,0.87965,0.72771,0.59541,0.70767,0.39113,0.59675,0.71518
0.56046,0.4144,0.4133,0.42477,0.35401,0.35364,0.41317,0.3278,0.39042,0.29743
0.35544,0.31294,0.26804,0.24772,0.25614,0.32803,0.3142,0.3315,0.22435,0.20866
0.50363,0.28414,0.39106,0.28062,0.24043,0.25799,0.54077,0.34198,0.12162,0.28023
2.0057,1.3236,1.7985,0.50774,0.31706,0.47574,0.43344,0.93222,0.079812,0.87551
4.0882,0.77092,3.3114,1.0224,0.64929,0.26809,0.69087,0.55767,0.15796,1.1637
