0.59972,1.982,0.74856,1.2473,1.3178,1.4532,0.69744,1.1405,1.3051,0.5909,0.76376,1.0077,1.9644,1.3564,1.2487,1.0614,1.6303,1.2321,2.1595,1.6529
1.1397,2.0808,0.995,1.0286,0.91856,2.2992,1.0726,2.5671,3.1716,1.386,1.3167,2.2684,4.174,1.8453,2.521,1.456,3.4493,3.75,1.0964,1.4833
2.1434,2.502,2.1947,2.3872,1.8922,3.0257,2.2512,4.0501,2.7326,1.4546,3.0973,1.6978,3.8327,1.9203,4.2313,1.2713,3.2942,3.2146,2.0912,1.6161
3.7713,5.1003,5.5423,5.6163,4.4923,7.6785,4.6911,7.8892,5.83,5.8396,6.5023,5.5849,6.2728,6.0465,5.7939,3.8655,6.6017,7.0674,6.0632,4.9248
5.5163,5.292,6.0869,4.7523,4.5539,6.0405,4.5978,6.1819,7.4049,2.7293,7.4472,5.0211,4.1896,7.1805,6.0797,5.3825,6.4894,5.4538,9.3378,6.5709
2.2433,1.513,1.7489,1.9565,2.3693,2.389,1.3335,1.6387,2.6712,1.7443,2.2775,1.5389,2.1616,1.9435,2.2746,1.0963,2.8654,2.5936,2.7913,1.502
0.81357,0.42817,0.6732,0.55809,0.49782,0.74403,0.57672,0.46787,0.76559,0.8238,0.67393,0.6402,0.86191,0.62892,0.75907,0.42994,0.69176,0.68519,0.74082,0.6956
0.41299,0.31093,0.31132,0.3121,0.34241,0.37496,0.36224,0.37347,0.4511,0.40259,0.39266,0.3612,0.37014,0.36004,0.43943,0.33985,0.34957,0.41598,0.36771,0.40371
0.2796,0.25674,0.28843,0.29085,0.3558,0.3157,0.26313,0.33796,0.28508,0.30624,0.30464,0.36392,0.32983,0.30293,0.31647,0.31316,0.34199,0.40359,0.34703,0.33839
0.2526,0.22493,0.32306,0.37225,0.41283,0.55674,0.30528,0.47735,0.34425,0.31985,0.32593,0.48334,0.23647,0.27338,0.35963,0.3021,0.3147,0.43368,0.63235,0.50029
0.79356,0.38524,1.0994,0.96648,0.7126,1.1925,0.72865,0.94863,0.84928,0.776,1.086,1.3166,0.47511,0.94526,0.64573,0.38651,0.61021,1.0339,1.3606,0.53734
0.96368,1.4129,1.9987,1.4377,0.87593,1.3078,0.71899,0.83869,0.9351,1.0654,0.95098,1.0535,0.62579,1.2672,1.5881,0.7137,0.53894,2.2819,3.8116,0.82597
