3.3265,0.95741,0.68515,0.47187,2.2301,1.3534,1.0253,2.4676,1.1857,0.45385
1.344,1.5522,2.8021,1.4886,1.41,1.9586,0.78305,0.55424,1.5102,3.0257
4.1374,2.291,7.5829,3.9084,4.1538,2.7195,2.3377,4.4747,4.3171,3.661
9.349,4.0988,2.8604,5.1384,4.8505,6.6166,6.478,5.8878,7.0038,6.2803
9.3743,8.0341,6.956,11.97,5.5141,7.1029,4.3194,8.2302,5.7718,9.8387
2.0954,2.599,1.7839,1.4729,1.3901,2.0753,2.8314,1.2625,0.61774,1.6626
0.8124,0.66668,0.85453,0.67578,0.90093,0.49204,0.62587,0.40629,0.86582,0.55545
0.4155,0.37473,0.39624,0.37002,0.34979,0.39516,0.41576,0.4447,0.43192,0.29743
0.27565,0.29811,0.25476,0.23044,0.26759,0.34116,0.29988,0.35738,0.22083,0.24178
0.4322,0.27849,0.4481,0.34977,0.29186,0.23941,0.52887,0.31489,0.17727,0.40715
1.4611,1.7087,1.6942,0.70526,0.56289,0.7307,0.23258,1.0099,0.54026,1.1684
2.4786,0.46741,2.1008,1.4039,1.2568,0.53166,1.1113,0.48568,1.0415,1.1129
