3.769,0.97934,1.9263,3.074,0.27487,0.56554,3.4035,0.5249,1.0188,1.0676,4.1526,1.2518,1.2979,2.6855,0.95046
2.4327,1.7318,1.8107,0.99006,2.6161,3.9374,0.27462,3.8805,0.21758,1.9997,0.54477,0.64875,1.6261,5.3719,0.2573
2.8951,1.858,3.9663,5.3886,3.0292,4.0234,1.7428,1.0838,2.4066,2.4963,1.9512,2.5686,3.111,6.4649,2.955
8.1555,6.1374,8.4238,5.4842,3.7859,6.3245,5.3765,7.2606,9.0464,6.3899,4.8968,4.2942,5.5092,5.665,9.7652
0.80273,5.391,2.8479,1.7683,2.2696,8.0546,7.3297,8.5004,5.7389,5.3789,5.1686,5.5099,1.7864,7.9829,6.4865
5.0829,2.0382,1.8543,3.08,2.3816,2.1611,1.8272,2.5866,1.2463,2.7191,2.3204,1.2904,3.4114,1.8749,0.60472
0.62377,0.6759,0.68739,0.6795,0.3992,0.77115,0.58115,0.49494,0.77649,0.72895,0.45489,0.81199,1.0983,0.64498,0.80278
0.39899,0.48468,0.41691,0.37852,0.30747,0.43772,0.41599,0.31987,0.29201,0.40015,0.45179,0.40143,0.43871,0.33698,0.35945
0.25654,0.35023,0.23537,0.33724,0.39271,0.28979,0.29477,0.28713,0.40313,0.26565,0.2974,0.2802,0.31032,0.36126,0.28372
0.73448,0.36992,0.35749,0.23842,0.37524,0.27675,0.37817,0.32982,0.3198,0.36158,0.88146,0.41954,0.30462,0.41801,0.29998
0.59499,0.47136,0.82663,0.73566,0.54978,0.9459,0.55465,0.62534,1.7925,0.22066,0.38228,0.57495,0.34903,1.3408,0.33345
2.9756,1.3171,1.4608,1.2844,0.6831,1.2118,0.46553,1.4678,3.0584,0.51168,4.0206,1.5186,0.97472,0.42456,5.4714
