0.39044,3.646,0.61836,1.5985,1.7638,1.8703,0.51529,0.87116,1.3979,0.40238,0.38222,1.2425,3.4073,1.7177,1.0791,1.1349,2.1582,2.2464,3.7809,1.407
-0.049378,1.1188,0.8157,0.34763,0.16923,2.2417,1.3117,2.8378,3.8087,1.5576,1.6552,3.142,4.9566,2.3967,3.1164,1.2565,3.8309,6.6441,0.20556,0.99636
2.5589,2.7547,2.9178,3.4948,2.5136,3.6225,2.804,4.8483,1.9783,0.88816,3.8932,1.1232,3.3844,1.5366,4.9648,0.75836,2.6383,3.4459,2.464,1.479
3.1281,4.4325,6.1406,5.6294,4.2723,8.2458,4.278,7.4038,5.4356,7.5186,7.2207,6.8797,5.6211,7.5587,4.5557,4.3742,6.3262,7.7967,6.5606,6.0475
8.9626,6.9176,7.9995,5.6137,6.5671,4.4939,4.8431,4.4404,8.3844,0.51572,8.1846,4.7049,2.3595,7.9979,5.966,7.8615,6.6262,3.8007,12.898,8.1473
2.898,1.1166,1.742,2.405,3.3551,2.4726,1.2,1.1515,2.6126,3.4048,2.3407,1.3754,2.6133,1.5882,2.1797,0.74297,3.1135,2.8699,1.7113,0.96892
0.93501,0.37039,0.7679,0.51328,0.35899,0.71287,0.55739,0.34239,0.66237,0.93364,0.61741,0.6511,0.81129,0.57606,0.77354,0.47517,0.49546,0.45696,0.72167,0.83884
0.41654,0.34456,0.26248,0.30822,0.3998,0.3635,0.39247,0.42859,0.48607,0.40666,0.39951,0.40038,0.29386,0.39635,0.45987,0.4311,0.31334,0.43336,0.32134,0.44827
0.25128,0.27927,0.32224,0.32965,0.44251,0.30965,0.24435,0.3464,0.21414,0.29882,0.26562,0.41222,0.36009,0.29335,0.2986,0.34754,0.39449,0.45538,0.39791,0.36273
0.19726,0.21316,0.28845,0.40455,0.33917,0.71649,0.31253,0.50906,0.37187,0.35501,0.30303,0.48262,0.15591,0.21225,0.33693,0.23243,0.2336,0.31637,0.55377,0.52981
1.2134,0.58592,1.9024,1.1963,0.53311,0.85371,0.87344,0.98422,0.81495,0.754,1.692,1.5105,0.79342,1.497,0.60928,0.36596,0.77802,1.0249,1.0769,0.17102
0.49885,2.6758,2.0037,1.4047,0.67787,0.98776,0.6922,0.88204,0.75955,0.94897,0.59614,0.44314,0.24556,1.0293,2.0974,0.97286,0.27135,2.6507,5.3373,0.8302
