2.2936,1.1721,0.99167,0.83369,1.8408,1.5567,0.96158,2.2749,1.101,0.60935
2.0757,1.52,1.9499,1.2228,1.8725,2.1257,1.058,1.5907,1.5018,1.7325
3.249,2.1934,4.7299,2.8446,3.1935,2.8633,1.9866,3.0678,3.1719,2.8698
8.2927,4.5298,5.3632,5.527,5.8192,6.3203,6.0217,6.6055,6.8827,5.9777
9.4471,6.3164,6.0959,8.9197,5.7105,6.8197,4.8598,7.5506,6.0495,8.1022
2.9788,2.4036,2.0682,2.2708,1.7706,2.2385,2.1935,2.1415,1.1998,2.3199
0.8591,0.69235,0.77452,0.67757,0.75628,0.60283,0.6445,0.50827,0.68355,0.66071
0.44562,0.3596,0.41305,0.37441,0.3764,0.36103,0.38069,0.38643,0.4158,0.33407
0.32406,0.29578,0.28404,0.26697,0.27599,0.32738,0.30613,0.33955,0.27457,0.26499
0.46634,0.3205,0.39716,0.35134,0.30584,0.31853,0.45802,0.3913,0.23147,0.36465
1.4121,1.1212,1.1888,0.69129,0.51247,0.65617,0.55643,0.82835,0.4084,0.98604
2.3933,1.0321,2.0872,1.1913,1.0509,0.64052,0.90879,0.76878,0.76906,1.2513
