4.6163,1.2475,2.391,3.777,0.39677,0.993,3.613,0.62407,1.0539,0.75366,4.5886,0.7892,1.333,4.684,0.30298
4.451,1.8474,2.5894,1.929,1.255,3.6667,0.84399,2.711,0.18234,1.4937,1.4414,0.40205,1.8086,9.1849,0.28804
3.8263,1.9398,4.5152,5.6316,2.7136,4.9599,1.2435,1.36,1.1218,2.3869,1.8273,1.4856,3.2008,10.11,1.6229
9.0522,5.6363,9.5991,7.0841,4.0817,7.6647,3.768,5.8515,7.1701,6.4052,4.2454,3.1211,6.1131,8.7506,8.7877
2.8389,5.63,5.2392,2.8157,1.1045,9.417,5.7962,8.9001,6.8507,6.1105,4.1526,3.2907,2.3372,9.9255,8.4343
3.8748,2.1507,1.8686,2.2182,1.138,3.0116,1.9702,3.4098,1.5336,2.9797,2.0121,0.85854,2.3061,2.7701,0.99685
0.79571,0.72028,0.69508,0.7314,0.28098,0.89159,0.60233,0.62827,0.72591,0.84529,0.48009,0.60082,1.1689,0.74318,0.62891
0.42676,0.49857,0.42479,0.39423,0.181,0.48023,0.39904,0.31077,0.30613,0.43562,0.39415,0.38412,0.52221,0.35479,0.35039
0.27788,0.39525,0.25543,0.35106,0.28307,0.32585,0.30929,0.26319,0.37167,0.28957,0.31034,0.28927,0.3595,0.35823,0.27907
0.68292,0.48368,0.29137,0.28759,0.35571,0.31083,0.40032,0.28062,0.39951,0.35329,0.93165,0.4096,0.3713,0.5035,0.27801
1.0075,0.65223,0.70133,0.61068,0.58276,0.86802,0.65805,0.49735,2.0488,0.23783,0.90068,0.69398,0.39362,1.7728,0.24303
3.506,1.2509,1.4584,1.1623,0.56635,1.3847,0.42997,1.1491,4.5955,0.019766,4.4959,1.5061,0.57205,0.85158,3.2358
