0.28095,3.0378,0.47395,1.3039,1.4439,1.2211,0.47495,1.3675,1.644,0.24081,0.4829,0.74217,3.3233,1.3203,0.92916,0.96553,2.1717,0.968,3.4325,1.6789
-0.35726,1.8049,0.37504,0.34706,0.20707,2.1756,0.75298,2.8934,4.1715,0.69551,1.022,2.5161,7.1234,2.4084,2.7194,1.0606,4.6935,5.9904,0.66967,1.1627
1.2809,2.7006,2.145,2.596,1.7089,3.7198,2.2743,5.3181,2.508,0.58672,3.3982,1.2397,4.834,1.6481,5.3621,0.5696,3.3921,4.6706,1.9357,1.258
3.272,4.4232,6.1841,5.6295,4.363,8.1558,4.3083,7.2158,5.4438,7.7747,7.1545,7.0309,5.4609,7.6575,4.3669,4.6312,6.2605,7.6451,6.6263,6.1958
7.4472,6.1142,8.2685,5.5447,5.7281,5.9476,3.9761,5.3279,8.2013,1.7228,9.0463,5.4817,2.1904,9.1658,5.1311,7.1825,6.9404,4.9442,13.446,8.4237
3.5759,1.2075,2.5231,2.3458,3.3563,2.548,0.81147,1.0602,3.5553,1.9916,3.5669,1.315,1.5355,2.6348,1.9977,1.0528,3.6042,2.5916,4.5884,1.6229
1.1938,0.23165,0.85369,0.56458,0.54273,0.80104,0.32481,0.17752,0.89551,0.92743,0.84836,0.51888,0.71733,0.67319,0.76877,0.30003,0.72093,0.5436,1.0925,0.7617
0.57386,0.17196,0.30795,0.25791,0.34017,0.39312,0.25288,0.2298,0.54918,0.47869,0.44531,0.33217,0.29535,0.38269,0.47932,0.28024,0.31604,0.3734,0.44304,0.46521
0.33497,0.19181,0.28874,0.27301,0.4203,0.31543,0.19305,0.2754,0.28216,0.34394,0.29364,0.3867,0.31861,0.29431,0.34401,0.29974,0.36138,0.45135,0.43094,0.40551
0.21773,0.12578,0.26841,0.35755,0.47843,0.73179,0.19591,0.45554,0.33915,0.39873,0.28726,0.61135,0.16242,0.20083,0.37887,0.22481,0.28084,0.4875,0.78725,0.70506
0.68934,0.10173,1.3887,1.1503,0.73368,1.7983,0.41155,1.2296,0.73459,0.8195,1.3128,2.5027,0.28201,0.80499,0.62506,0.14999,0.55921,1.3742,2.3825,0.51812
0.40849,1.1287,2.7306,1.7517,0.61099,1.7503,0.34581,1.2089,0.68988,0.94846,0.92062,1.2976,-0.093205,1.0152,1.8,0.23926,0.11637,3.5209,9.1497,0.55959
