0.31377,3.2201,0.51724,1.3922,1.5398,1.216,0.40924,1.32,1.7988,0.2866,0.47705,0.69759,3.6973,1.4614,1.0995,1.0794,2.1044,0.95692,4.0279,1.8564
0.46684,1.9531,0.26373,0.46744,0.31928,2.3475,0.45527,3.0933,4.6813,0.40381,0.78593,2.3197,7.6756,2.76,3.0739,1.2152,4.958,6.1104,0.81878,1.3823
1.5581,2.9191,1.5772,2.2543,1.3634,4.0353,1.727,5.7163,2.7472,0.27764,2.9815,1.3214,5.2395,1.8742,5.8413,0.59241,3.6216,4.9328,1.8316,1.3459
2.1004,4.8899,5.1349,5.5343,2.9097,9.2252,3.5096,9.0322,5.7791,3.5551,7.7201,5.4304,7.0583,6.9955,6.2179,1.345,7.1356,9.1235,5.9395,4.6462
5.5092,6.5009,7.8063,5.7554,4.057,6.6457,3.0097,6.4775,8.7124,1.241,9.5439,4.7637,3.3892,9.0189,6.5775,3.5541,7.7072,5.8869,13.345,7.493
2.989,1.3411,2.2214,2.5522,2.9122,2.8306,0.69806,1.3752,3.3887,1.8764,3.2486,1.2715,2.0064,2.2375,2.5001,0.42323,3.7556,3.0704,3.4089,1.3078
1.0598,0.29201,0.82184,0.59131,0.45587,0.8177,0.32288,0.27119,0.80264,0.94309,0.74629,0.54913,0.8393,0.6281,0.85477,0.17399,0.65072,0.56744,0.86627,0.73838
0.48168,0.21991,0.29294,0.28839,0.33425,0.39437,0.27778,0.29227,0.51571,0.45536,0.41826,0.36669,0.32717,0.38671,0.49728,0.25533,0.30999,0.40524,0.35869,0.46571
0.28529,0.20737,0.28693,0.29136,0.42716,0.32298,0.20572,0.3094,0.25391,0.32906,0.28513,0.41514,0.34249,0.30364,0.33945,0.28866,0.36577,0.47622,0.39676,0.39885
0.18754,0.11472,0.27769,0.39822,0.47729,0.78705,0.17748,0.53753,0.30017,0.40022,0.28927,0.65109,0.18754,0.22082,0.39074,0.22533,0.29148,0.50361,0.71525,0.68811
0.60246,0.056259,1.5677,1.3731,0.7226,1.5272,0.36861,1.3665,0.71257,0.88131,1.451,2.2803,0.35447,0.93983,0.70402,0.17206,0.65506,1.3697,1.7634,0.38406
0.41494,0.76778,2.8212,1.9516,0.69611,1.499,0.31953,1.3002,0.7696,1.112,0.97432,1.0157,0.033551,1.2449,2.1013,0.2013,0.23971,3.4951,7.3683,0.4466
