4.5786,1.2355,2.3703,3.7457,0.39134,1.0052,3.5309,0.60278,1.0325,0.75262,4.5974,0.77449,1.2557,4.9623,0.2563
4.6782,1.7868,2.5534,1.9039,1.4065,3.6936,0.8269,2.5811,0.16419,1.4339,1.5535,0.37223,1.7043,9.8406,0.42831
3.9466,1.8673,4.4611,5.5579,2.865,4.9379,1.1872,1.3177,0.8685,2.3613,1.8655,1.4867,3.0659,10.666,1.9358
9.0708,5.5357,9.6574,7.0833,4.1845,7.6826,3.9672,5.9934,5.9941,6.2951,4.2944,3.1072,6.0019,13.255,9.3083
2.9201,5.4555,5.4721,2.8225,1.0116,9.4326,5.8339,8.9995,6.2306,6.0042,4.0542,3.6769,2.2713,18.346,8.9462
3.9811,2.0673,1.8874,2.295,0.90135,3.0152,1.9768,3.4856,1.4347,2.9556,1.9777,0.88958,2.4648,9.0438,1.0877
0.80121,0.70949,0.68686,0.73634,0.25802,0.88819,0.59719,0.64332,0.71025,0.84121,0.4703,0.64429,1.1807,1.7777,0.64956
0.42565,0.49451,0.4188,0.39545,0.1837,0.48017,0.40126,0.31238,0.30142,0.43498,0.39007,0.39385,0.52869,0.74191,0.35273
0.27693,0.39697,0.25274,0.35155,0.31312,0.3258,0.30959,0.26152,0.36252,0.28974,0.30905,0.29278,0.36133,0.72344,0.27853
0.69071,0.49505,0.27547,0.28914,0.40261,0.30902,0.39915,0.27214,0.39097,0.34913,0.92364,0.40859,0.37243,2.1362,0.28151
1.022,0.66658,0.6582,0.63542,0.65425,0.87139,0.65604,0.47335,2.0209,0.22082,0.93146,0.68858,0.39128,14.927,0.25711
3.4866,1.2377,1.37,1.1865,0.62089,1.3889,0.41279,1.0877,4.6727,0.066585,4.5543,1.4505,0.51229,8.5874,3.6354
