2.5963,1.2472,1.7911,2.3183,0.69973,1.1836,2.2989,0.75591,1.0131,0.96943,2.4963,0.89745,1.2407,2.3494,0.84162
3.0213,1.7261,2.1439,1.8632,1.6449,2.1865,1.2984,2.0535,0.67583,1.7799,1.5667,0.92974,1.4771,5.3431,0.59953
3.0171,2.0402,3.2683,3.711,2.695,3.8328,1.8649,1.7143,1.6425,2.3813,1.8866,2.1806,2.7699,6.1358,2.0573
7.5881,5.6384,7.8523,6.6563,4.7348,6.2037,4.972,5.2207,6.5748,5.9886,4.8454,4.6035,5.7596,7.7351,7.1591
4.6636,5.8207,5.7745,4.2863,3.4597,8.1094,5.9215,7.2467,6.2971,5.6851,4.5592,4.5213,3.3425,8.1951,6.6656
3.3189,2.0011,2.0017,2.4656,1.6684,2.3342,2.0099,2.5031,1.5825,2.2699,2.0518,1.3587,2.0746,2.8814,1.1155
0.86079,0.69469,0.73512,0.75793,0.50751,0.81287,0.60733,0.65431,0.66686,0.76275,0.53895,0.66857,0.92719,0.78976,0.61801
0.40684,0.42431,0.40888,0.39257,0.29134,0.4281,0.36931,0.31659,0.32305,0.41603,0.37266,0.38128,0.45175,0.40453,0.35502
0.29798,0.34907,0.28316,0.32346,0.32387,0.33042,0.28392,0.29265,0.33742,0.29658,0.29263,0.28428,0.33023,0.34024,0.29165
0.48231,0.41298,0.32108,0.3056,0.37303,0.33463,0.34289,0.33885,0.40293,0.33558,0.5649,0.37151,0.35169,0.46789,0.32194
1.0616,0.70417,0.75434,0.63878,0.61748,0.85628,0.65142,0.70879,1.2879,0.41177,0.84925,0.64197,0.5906,1.0781,0.44161
1.9839,1.1726,1.1524,1.1489,0.61741,1.2298,0.67123,1.1602,2.6131,0.49888,2.4085,1.3554,1.0159,0.89137,2.3892
