4.4461,1.1936,2.2976,3.6358,0.37228,1.1441,3.2566,0.49377,0.83959,0.65235,4.0425,0.70542,1.1591,5.4324,0.37262
4.2116,1.6608,2.3836,1.808,1.5996,3.747,0.72754,2.7347,0.070993,1.4614,1.2616,0.3824,1.5351,9.414,-0.092568
3.5805,1.7737,4.1639,5.3057,2.8884,4.7394,1.337,1.2413,1.5257,2.3194,1.7298,1.8604,2.9393,9.5174,1.804
8.0627,6.2377,8.2832,5.2664,3.7581,6.1434,5.5396,7.4404,9.1834,6.4225,5.0024,4.3822,5.4761,5.2406,9.8632
2.2224,5.7215,4.4187,1.5033,1.0853,8.3309,7.227,9.5934,7.8921,5.8237,4.735,4.6907,1.6485,7.692,9.07
3.4382,2.0539,1.5142,1.7113,1.1126,3.0694,2.2936,4.1442,1.8175,2.774,2.03,1.0638,1.9922,2.4994,1.3218
0.83968,0.68287,0.59469,0.62472,0.24311,0.94535,0.62711,0.78623,0.74003,0.85556,0.45746,0.61731,1.0938,0.72523,0.6658
0.4429,0.47499,0.37632,0.34902,0.1417,0.51751,0.38693,0.34511,0.30188,0.44936,0.36017,0.36908,0.56668,0.34206,0.34433
0.28344,0.39785,0.23396,0.3225,0.27393,0.35286,0.29798,0.27182,0.3624,0.29583,0.28856,0.27549,0.39966,0.34255,0.26816
0.679,0.48987,0.27107,0.25152,0.33282,0.32279,0.36556,0.28941,0.3829,0.3468,0.82943,0.37501,0.40894,0.46766,0.25889
1.2198,0.67959,0.57885,0.46318,0.48155,0.81638,0.54845,0.46103,1.86,0.19573,1.0827,0.58709,0.40655,1.7108,0.18046
3.6841,1.1654,1.1727,0.87592,0.40574,1.2119,0.27828,1.0215,4.7632,0.0092321,4.6302,1.2343,0.56226,0.91381,3.0847
