2.0136,0.52019,1.8318,1.3532,1.1821,2.2565,2.5718,1.7134,2.5591,2.8907
1.6696,3.4648,1.5933,2.8523,2.3863,4.0076,1.1224,0.71387,2.1786,0.37655
2.1934,6.0124,6.1392,5.0999,1.6655,1.84,2.3618,3.2718,3.3056,2.1389
2.5475,8.4757,5.0064,2.7013,4.8858,1.0379,2.954,2.8226,3.4165,6.9898
4.0229,3.8145,1.7715,0.95427,0.66304,3.3505,3.1341,2.2435,0.61521,1.7072
2.0113,0.41282,1.9338,0.71897,0.922,2.6442,0.14933,3.0696,1.3741,0.55068
1.4206,0.15789,0.11392,0.40379,0.74805,0.33007,0.032166,0.65762,0.69556,0.32342
1.1017,0.19474,0.39138,0.49663,0.45614,0.52947,0.0067878,0.2486,0.49682,0.41368
1.2557,0.12448,2.0005,1.0842,0.34554,0.27172,0.035562,0.93695,0.2139,0.72904
0.51198,0.17478,0.15974,0.79101,0.32608,0.61998,0.083978,0.86565,0.36016,0.86802
0.16421,0.99287,0.80658,0.99587,1.1758,0.96086,0.84834,3.4336,0.6594,1.2237
2.07,1.3283,3.4934,0.92163,2.9419,2.1533,0.65196,2.4928,1.3978,0.57372
