1.9941,1.7612,1.6523,1.4146,1.2129,1.6249,1.7241,1.4995,1.8997,1.1754,2.2112,1.2378,1.595,2.0055,1.8965,1.694,2.1471,2.3653,1.4863,1.8666
2.3252,2.1226,2.7148,2.4458,2.1689,1.9054,2.5367,1.4958,2.4012,1.2024,2.3461,2.0067,1.768,2.5456,2.957,2.7408,2.4481,2.4839,1.7951,2.0319
2.9509,3.266,3.4454,3.3706,3.114,3.2104,3.1914,2.6221,3.2084,2.5458,2.8212,3.3713,3.3866,3.3893,3.712,3.1691,3.6262,4.0574,2.887,3.1346
2.805,2.694,3.2104,2.826,2.4383,2.5309,3.3231,2.5983,2.9603,2.1149,2.7969,2.3032,2.9111,3.2524,3.0513,3.6667,3.7036,3.3149,1.8923,3.2067
1.3152,1.8219,1.941,1.9493,2.1038,1.9739,2.338,1.7537,2.5514,1.2933,1.6877,1.3708,2.1929,1.9431,2.2728,2.5041,2.6333,1.7049,1.7289,2.0535
0.55227,1.3705,1.4283,1.4334,1.0337,0.98602,1.1913,0.98321,0.98667,0.58917,0.76433,0.8871,0.95947,0.71721,0.86429,1.0861,1.1404,1.0311,0.78742,0.95618
0.44664,0.7189,0.92179,0.82085,0.43537,0.63028,1.0171,0.5413,0.68979,0.45496,0.46307,0.61419,0.80001,0.55275,0.57056,0.59926,1.1984,0.84744,0.45201,0.48059
0.3977,0.41108,0.39002,0.45362,0.42567,0.51907,0.45373,0.4423,0.47412,0.33127,0.29378,0.40601,0.5471,0.52806,0.38025,0.44265,0.64986,0.48982,0.41805,0.44013
0.27979,0.44148,0.60212,0.52597,0.31166,0.59602,0.42769,0.3925,0.43894,0.27837,0.3581,0.23813,0.32355,0.50067,0.32971,0.5689,0.41798,0.57085,0.33032,0.46488
0.29644,0.61623,0.44577,0.73458,0.43073,0.57824,0.57296,0.40902,0.43096,0.41438,0.33987,0.6292,0.61866,0.46673,0.271,0.73842,0.33222,0.56226,0.43815,0.60253
0.86573,0.95931,1.0376,1.1853,0.88784,1.039,0.86882,0.87732,0.89886,1.105,0.7793,1.1652,1.2464,1.2178,0.75244,1.2133,0.94384,1.2464,0.62689,0.78656
1.1123,1.7538,1.381,1.9326,1.6273,1.4075,1.2138,1.4573,1.7605,1.9638,1.3981,1.5251,1.814,1.5426,1.3003,1.8384,1.9956,2.1098,1.4241,1.5271
