1.9425,0.47436,1.7637,1.2932,1.1251,1.9733,2.4193,1.8818,2.5486,3.0465
1.6387,3.8341,1.5758,2.8325,2.3992,3.8345,0.84487,0.71322,1.9008,0.10354
2.3232,5.0758,6.3824,4.6226,1.5965,1.0928,3.1638,4.074,3.3281,2.4324
2.7756,7.5924,4.6016,2.4362,5.331,1.2003,3.1337,2.9466,3.4235,7.5546
4.0265,1.593,1.5075,0.91944,0.50681,3.098,3.1518,2.2474,0.53808,1.3902
2.2381,0.25544,1.7472,0.75114,0.77686,2.7299,0.16207,3.2541,1.1161,0.47638
1.6742,0.11092,0.12749,0.37497,0.69795,0.43093,0.28345,0.83121,0.64847,0.26695
1.5127,0.10173,0.18111,0.40627,0.49001,0.52456,0.22031,0.30845,0.51825,0.32817
1.6541,0.10437,1.4537,1.042,0.36276,0.28941,0.31068,0.9914,0.22965,0.64968
0.94574,0.067456,0.27847,1.074,0.31137,0.532,0.3752,1.1539,0.32371,0.92891
0.29989,0.80254,0.93111,1.2311,1.0255,0.97551,1.0501,3.9852,0.55793,1.3327
1.3503,1.1953,3.4667,1.0672,2.9557,2.1491,0.70186,3.3235,1.1185,0.72844
