2.6862,1.8818,1.5408,0.86859,0.37166,2.9836,1.8926,1.6544,2.3475,0.47096,3.3598,0.54565,1.2151,2.7937,2.6636,2.3935,4.1448,4.4375,1.5327,3.3857
2.1556,1.5934,3.4988,2.6171,1.7214,2.7272,3.3443,0.091922,2.648,0.077598,2.3509,1.6671,0.9869,3.5203,4.4108,4.3794,2.5705,2.7622,1.5515,2.5996
2.3935,3.5124,4.0307,3.99,3.2339,3.7311,3.417,1.9132,3.0727,1.9323,2.3423,4.3746,4.3269,4.1913,3.9734,3.6017,3.12,4.9519,2.5323,3.9756
2.9642,2.8104,4.3155,3.2835,2.2758,1.79,5.0705,2.6748,3.4339,1.4179,2.9621,2.295,3.6593,4.2541,2.9844,6.1729,6.3093,4.1005,0.46835,4.7782
0.47746,1.9806,1.9142,2.2132,3.0441,2.2264,3.0499,2.2642,4.187,0.50023,1.4248,0.82352,2.8932,1.7399,2.5771,3.6976,5.0519,1.2687,1.7292,2.7728
0.094354,2.1888,1.9601,2.2614,0.94222,1.4175,1.759,1.7758,1.1469,0.3837,0.54783,0.98669,0.94478,0.40955,0.54669,1.0886,1.3218,1.1467,0.89375,1.1763
0.13934,0.70271,1.25,0.88996,0.07597,0.92442,2.2298,0.64876,0.75956,0.38509,0.4345,1.0053,1.4991,0.52407,0.25795,0.35334,2.0725,1.5792,0.4255,0.29022
0.34355,0.28063,0.25399,0.45627,0.42146,0.49757,0.38608,0.4144,0.44761,0.2714,0.1431,0.67177,0.85597,0.85729,0.19253,0.32269,0.65065,0.48211,0.4435,0.28127
0.23511,0.67992,1.2498,1.0674,0.35921,0.84966,0.30351,0.49956,0.51712,0.26134,0.33194,0.12683,0.24596,0.76435,0.18656,0.78627,0.319,1.1294,0.30515,0.48142
0.20177,1.0332,0.22289,1.2468,0.47654,0.49805,0.64141,0.50689,0.42438,0.62225,0.23455,0.79981,0.77609,0.35533,0.021732,1.4148,0.10112,0.59997,0.46154,0.90969
0.79359,0.8191,0.77533,1.1195,0.74423,1.2811,0.57833,0.87268,0.95317,1.8435,0.7669,1.33,1.6636,1.5226,0.5219,1.333,0.67115,1.566,0.45105,0.37372
0.6572,2.2492,1.1491,2.6335,1.8555,1.1058,0.56399,1.1595,2.0807,3.3954,1.6254,1.9899,2.111,1.4443,1.2171,1.7885,2.3332,3.4858,1.7006,1.0693
