2.6336,1.7384,1.0818,1.0163,1.9998,1.453,0.84084,3.9491,1.8763,3.3788,2.9842,1.0577,4.0825,1.1687,2.4999
0.76463,1.3024,1.6947,2.7463,0.20256,3.5454,2.6654,0.97354,-0.371,2.1602,3.5177,-0.015658,1.0549,2.9891,2.1903
2.7316,2.8167,2.8684,3.3267,3.1397,2.9031,5.0869,2.2898,2.9078,4.5353,5.1793,3.6243,4.9935,4.3851,4.5019
1.3748,4.9222,3.0438,3.0128,2.5036,1.572,2.1776,3.0444,0.15277,1.6325,1.7125,2.2662,3.0366,3.0225,1.503
4.3718,3.8323,0.51195,1.4235,3.7069,2.5928,2.4351,2.933,0.81644,2.5147,3.1499,2.0718,2.4692,1.9344,2.2146
0.78772,1.5882,0.4081,1.294,1.7872,0.59212,0.51945,0.59573,0.68862,0.95736,2.4327,0.71063,0.53762,3.5552,1.1966
1.6312,0.16971,0.93534,1.5424,0.90684,0.12995,1.229,0.88172,0.37373,1.0067,1.5288,0.047178,0.23957,0.6863,1.11
0.35324,0.18238,0.36768,0.27141,0.87432,0.37775,0.24182,0.33127,0.67117,0.68362,0.27503,0.55402,0.31265,0.30921,1.0156
0.66695,0.16716,1.453,0.70505,0.97376,0.087805,0.52608,0.58616,0.80869,0.30429,0.31111,0.41313,0.1896,0.25021,0.66688
-0.016177,0.20847,0.064677,0.34217,0.92085,0.55151,1.2497,0.67328,0.64278,1.513,0.16117,0.36429,1.3408,0.13262,0.57212
0.17187,2.2076,2.1896,1.0859,1.0872,1.505,0.72906,1.3335,0.25556,2.5925,1.3601,0.48796,2.9489,0.28931,1.4566
2.3917,1.0168,-0.10878,2.4106,1.3993,2.7435,1.9373,2.5604,0.60059,0.90746,2.1748,0.91065,0.60499,3.176,1.4751
