2.1798,1.3695,0.77525,0.71602,1.6061,1.4011,0.81663,2.8483,2.134,3.375,3.3581,1.1283,4.5191,0.86665,2.4682
0.88639,1.2737,1.219,2.206,0.20004,3.5174,2.2198,1.2275,0.27668,2.4532,3.8255,0.078916,1.6363,2.6144,2.4267
2.1203,2.4582,2.432,3.3328,2.3862,3.2286,5.0952,1.8847,2.3477,4.5754,5.5884,2.2949,4.9231,4.4909,4.5361
1.1072,4.8171,2.9546,3.0294,2.4039,1.5785,2.4768,2.4629,0.084199,1.8769,2.0814,2.1169,3.3774,3.3345,1.7385
3.8924,4.1948,0.52464,1.4463,3.6738,2.0833,2.4138,2.9086,0.63712,2.295,3.0707,2.0147,2.6121,2.0471,1.8453
1.0228,2.2251,0.31224,1.2547,2.1704,0.60008,0.57316,0.70435,0.52004,1.008,2.8593,0.71656,0.62446,3.5894,1.1946
1.6519,0.2269,0.69631,1.6802,1.0922,0.11801,1.1467,0.86181,0.3064,1.0184,1.957,0.043528,0.22682,1.0258,1.1793
0.42956,0.10971,0.37326,0.33493,1.0098,0.28908,0.29186,0.36413,0.57217,0.7867,0.35499,0.1237,0.20812,0.36442,1.1761
0.66731,0.12191,1.4324,0.6883,1.1787,0.0826,0.5038,0.57612,0.85432,0.36549,0.30477,0.30414,0.13171,0.2456,0.82076
0.013038,0.10319,0.13877,0.4266,1.1384,0.35953,1.2969,0.7544,0.78817,1.507,0.15433,0.35369,0.92599,0.11732,0.70315
0.052018,1.6333,1.6274,1.0759,1.2808,1.477,0.88797,1.4447,0.31295,3.0089,0.99154,0.47353,3.3267,0.11892,1.5309
1.0435,1.2086,0.026172,2.4254,1.4658,2.9724,1.9258,2.7635,0.24591,1.2617,2.179,0.64318,1.0144,2.5646,1.6702
