2.649,1.851,1.5127,0.84589,0.35293,2.7717,1.9627,1.5928,2.573,0.42003,3.3493,0.47584,1.1468,2.7851,2.9451,2.2592,4.1763,4.6019,1.5425,3.0928
1.8829,1.4823,3.4806,2.8705,2.2245,2.3876,3.2288,0.042556,2.4459,0.32675,1.9679,2.065,1.0766,3.2134,4.1342,4.1268,2.0564,2.2015,1.5404,2.1926
2.3848,3.8373,3.273,3.6201,3.3572,3.4135,2.7781,3.2178,2.7862,3.1926,2.2472,4.5669,5.0962,3.463,2.8126,2.4828,2.9245,4.6293,2.8436,3.7323
3.0702,2.7651,3.9725,3.0612,2.2419,1.6502,4.8028,3.1271,3.3449,1.7524,3.0639,2.1585,3.5864,3.9048,2.6457,5.7039,6.1903,3.7628,0.54121,4.5277
0.42242,1.9167,1.6469,2.0547,3.1068,2.4101,2.6331,2.2683,3.9576,0.75156,1.3553,0.8522,2.6752,1.4873,2.4447,3.0658,4.2992,1.0545,2.4312,2.4118
0.091999,2.1105,1.7859,2.1504,0.99304,1.4662,1.6671,1.762,1.1912,0.42632,0.52168,0.98719,0.92584,0.36741,0.53385,1.0226,1.2759,1.0483,1.0458,1.1047
0.11969,0.77653,1.3125,0.97829,0.076878,0.97516,2.3355,0.70164,0.77677,0.37706,0.39803,0.99088,1.4589,0.46524,0.23595,0.3395,2.0901,1.5242,0.44976,0.28201
0.24738,0.30615,0.33016,0.52712,0.30913,0.56666,0.58728,0.43329,0.47282,0.23574,0.11684,0.75105,1.0681,0.77302,0.14451,0.27496,0.9175,0.61998,0.41579,0.23109
0.19705,0.6783,1.3305,1.1085,0.30585,0.88317,0.35495,0.49454,0.51637,0.23777,0.30369,0.13745,0.29099,0.76589,0.16213,0.71469,0.38127,1.2338,0.28859,0.43135
0.12798,1.1848,0.38762,1.6845,0.40038,0.65569,0.64788,0.52853,0.45214,0.51343,0.19307,0.64761,0.75277,0.4481,-0.023651,1.5995,0.11008,0.89017,0.40006,0.87693
0.61583,0.9978,0.84919,1.5062,0.6681,1.3991,0.5966,0.87227,0.93718,1.743,0.64301,1.2934,1.7281,1.5585,0.33528,1.6805,0.57518,1.839,0.3975,0.41958
0.47856,2.3219,1.1298,2.9183,1.6951,1.2009,0.48339,1.1061,2.0226,3.5741,1.437,2.021,2.2956,1.5579,0.91121,2.0399,2.1122,3.837,1.4877,0.9678
