2.2291,0.65892,2.0379,1.5347,1.3549,2.033,2.5694,1.2239,2.7783,2.3747
1.6146,3.9637,1.566,2.8654,2.4482,3.8055,0.78727,0.69461,1.8315,0.0090991
2.2405,5.4076,6.2545,4.7541,1.6335,1.3268,2.9343,3.801,3.2841,2.0919
2.9065,7.0682,4.0162,2.2262,5.7147,1.4638,3.1238,2.7955,3.3844,7.7609
4.017,1.2698,1.3574,0.94247,0.34849,3.3169,3.1012,2.2223,0.48745,1.0814
1.3604,0.27859,1.9221,1.0019,1.1972,2.0172,0.10036,2.936,1.6852,0.54938
1.0791,0.26464,0.057684,0.40665,0.73705,0.20959,0.64807,0.41323,0.57058,0.37843
0.85852,0.26647,0.38986,0.50968,0.4403,0.60957,0.33153,0.24357,0.48597,0.48854
0.92539,0.18828,1.9914,1.0609,0.33997,0.26223,0.40643,1.1271,0.2087,0.72229
0.3321,0.28931,0.036255,0.55779,0.32433,0.639,0.43693,0.62697,0.4714,0.66019
0.15824,1.3425,1.131,0.86643,1.196,0.9343,1.1492,2.9557,0.66538,1.0137
2.0344,1.3124,3.5005,0.90715,2.8929,2.137,0.65105,1.8067,1.45,0.53601
