1.9038,1.1452,0.58882,0.53337,1.3667,1.298,0.73717,2.9964,2.354,3.7095,3.6991,1.2817,5.159,0.64802,2.8221
0.78566,1.2582,1.5903,2.6307,0.18,3.5129,2.5746,1.0696,-0.31977,2.3038,3.6684,-0.045347,1.2622,2.8866,2.2799
2.9701,2.9718,2.9654,3.2433,3.5016,2.6789,5.0031,2.4706,3.3596,4.5061,4.8849,4.0457,5.1751,4.2475,4.4774
1.355,4.8866,3.0156,3.0316,2.56,1.5135,2.4367,2.9307,0.17273,1.8046,1.934,2.3979,3.3653,3.2055,1.667
4.1503,4.0866,0.53466,1.4526,3.6869,2.4427,2.4044,2.959,0.55169,2.4055,3.048,2.0387,2.5386,1.9829,2.0933
1.2943,2.5366,0.25843,1.1556,2.6482,0.68527,0.59674,0.77736,0.45468,1.092,3.1704,0.74179,0.63789,3.6499,1.2641
1.9228,0.34248,0.53917,1.7317,1.5006,0.1029,1.0333,0.83031,0.25516,1.1073,2.6739,0.033672,0.19246,1.3441,1.3026
0.7175,0.12296,0.35017,0.53594,1.4344,0.15824,0.3493,0.408,0.44978,0.95986,0.7089,0.19662,0.16506,0.51347,1.534
0.83739,0.097067,1.3389,0.77615,1.6859,0.050961,0.48248,0.57385,0.82507,0.44579,0.39308,0.30197,0.12465,0.27214,1.2014
0.080391,0.013422,0.31503,0.57971,2.2089,0.11474,1.4262,0.87102,1.0471,1.6466,0.16584,0.30089,0.71543,0.079484,1.1921
-0.017506,1.2695,1.9209,1.1658,2.0518,1.006,1.2034,1.6695,0.44794,3.9921,0.97586,0.37963,3.3463,0.066545,2.0556
1.1335,1.2028,0.25433,2.5821,2.0286,2.7827,2.1208,3.1169,0.24896,2.1159,2.1847,0.46531,1.5419,1.9126,2.1176
