1.9652,1.1951,0.63032,0.57403,1.42,1.4813,0.7912,2.9296,2.2362,3.4819,3.6052,1.2222,4.7869,0.71711,2.5336
0.90255,1.1564,1.2522,2.2506,0.15508,3.5178,2.3003,1.3485,0.16926,2.6812,4.0966,0.14232,1.8372,2.5762,2.4905
2.2204,2.4213,2.516,3.408,2.2433,3.4041,5.2016,1.9964,2.0348,4.799,6.0132,2.687,4.8882,4.606,4.6908
1.1544,4.6281,2.8569,3.1444,2.2346,1.671,2.7235,2.6477,0.045329,2.032,2.4068,2.161,3.5827,3.4895,1.8691
3.6253,4.4245,0.56525,1.5535,3.5575,2.2422,2.4734,2.9492,0.020702,2.3135,3.079,1.9303,2.73,2.1535,1.9623
1.1098,2.5244,0.26026,1.2162,2.4554,0.65881,0.60606,0.75357,0.3542,1.0755,3.0861,0.73634,0.65655,3.8515,1.2474
1.7915,0.28684,0.5861,1.7417,1.2776,0.10909,1.0923,0.84945,0.2423,1.0998,2.2849,0.039403,0.21029,1.1577,1.2681
0.50533,0.1379,0.37627,0.39303,1.0895,0.22988,0.30438,0.38111,0.52764,0.82506,0.43869,0.30098,0.22372,0.39006,1.2592
0.72376,0.10608,1.4193,0.6994,1.355,0.065716,0.47365,0.57479,0.88986,0.39202,0.32182,0.36961,0.14775,0.24727,0.98495
0.023906,0.078968,0.18584,0.44849,1.3889,0.25419,1.369,0.79399,0.86718,1.5599,0.14983,0.37012,0.97553,0.096145,0.80379
0.0032778,1.6405,1.8359,1.0888,1.4334,1.324,0.99342,1.5271,0.3482,3.3524,1.0701,0.4568,3.4447,0.13386,1.6676
1.4895,1.2541,0.090898,2.514,1.6021,2.966,1.9856,2.8539,0.30636,1.4835,2.2645,0.66748,1.1494,2.3633,1.7481
