1.9841,0.50114,1.8035,1.3283,1.1584,2.0453,2.5589,1.771,2.5305,2.9518
1.7582,3.3926,1.6511,2.7637,2.2699,3.9825,1.0776,0.76589,2.1278,0.37764
2.1178,5.9846,6.0245,5.0599,1.7066,1.9134,2.4932,3.1678,3.3108,1.3753
2.5737,8.5691,5.0721,2.7534,4.9746,1.1522,2.9301,2.85,3.4954,6.5936
4.0005,2.3747,1.8539,0.97585,0.72888,2.6507,3.2095,2.2936,0.65426,1.8189
2.0457,0.32557,1.9608,0.78787,0.86493,2.4123,0.15249,3.2877,1.1923,0.55633
1.4388,0.15551,0.11526,0.39921,0.75132,0.33767,0.31814,0.69215,0.65478,0.31499
1.1135,0.17101,0.24385,0.4631,0.4867,0.52809,0.2758,0.26587,0.51495,0.41175
1.3109,0.13197,1.6677,1.117,0.36587,0.29154,0.35194,0.97087,0.23052,0.72939
0.55609,0.15916,0.16317,0.82724,0.3275,0.58788,0.43339,0.87863,0.3859,0.84211
0.18482,1.0659,0.89085,1.0244,1.1076,1.0076,1.1418,3.3977,0.63662,1.194
1.4337,1.3831,3.4878,0.95476,3.0163,2.1927,0.73479,2.5521,1.2959,0.63248
