1.6832,1.1774,1.6289,1.4775,1.4201,1.9304,1.6659,1.6991,1.817,1.972
1.9527,2.4685,1.9152,2.2624,2.1078,2.7567,1.5133,1.6205,2.0805,1.5973
2.7469,3.8786,3.9238,3.6419,2.5798,2.7435,2.8075,2.9979,3.1319,2.7424
2.6918,4.1915,3.4313,2.7975,3.3567,2.3356,2.6959,2.8069,3.0202,3.8037
2.4201,2.228,1.9669,1.6481,1.4736,2.2536,1.9827,1.9324,1.4745,1.7239
1.1549,0.84586,1.3262,0.91567,0.88595,1.0363,0.465,1.186,0.98142,0.70823
0.81267,0.52042,0.42642,0.50548,0.62726,0.39831,0.48066,0.60825,0.53978,0.54263
0.67988,0.30522,0.39058,0.40821,0.41452,0.43757,0.40796,0.43551,0.4304,0.48241
0.67368,0.2567,0.5903,0.5182,0.38353,0.41619,0.34019,0.53955,0.32733,0.4354
0.58012,0.36569,0.37522,0.63935,0.38414,0.50245,0.38445,0.52464,0.43888,0.39619
0.68702,1.1632,1.0991,1.099,1.0714,0.76184,0.91747,1.4536,0.83697,1.0677
1.6782,1.4737,2.1142,1.2926,1.8474,1.4732,1.4202,1.9497,1.2367,1.4497
