2.5112,1.737,1.4088,0.76188,0.28362,2.7668,1.9316,1.6243,2.3394,0.36114,3.2379,0.46976,1.1799,2.6381,2.5758,2.2217,3.9111,4.5522,1.4442,3.3354
2.1767,1.3982,3.3586,2.3893,1.7873,2.689,3.1885,0.03203,2.7021,0.085913,2.2083,1.5988,0.96219,3.5268,4.447,4.3373,2.524,2.8854,1.433,2.4539
2.2544,3.3952,3.953,3.6972,3.2063,3.6714,3.4023,2.3627,3.0578,2.3464,2.1363,4.337,4.1284,4.0891,4.1645,3.7405,2.9369,5.0769,2.4723,3.7197
2.8732,2.5969,4.3483,3.0858,2.1329,1.6775,4.8085,2.864,3.2942,1.5484,2.7711,2.3288,3.689,4.3145,3.1076,6.1045,6.0461,3.9546,0.45733,4.5621
0.36239,1.8255,1.849,2.0304,2.9788,2.0365,2.8422,2.1707,4.0933,0.44492,1.2691,0.79507,2.9659,1.6883,2.4696,3.6841,5.0319,1.2606,2.4279,2.6034
0.11424,1.9647,1.7899,1.9732,0.91909,1.2312,1.7244,1.5919,1.2306,0.42308,0.51856,0.92562,0.94505,0.37977,0.5515,1.0242,0.86621,1.1391,1.0605,1.1907
0.3445,0.64757,1.2099,0.81379,0.056904,0.85604,2.2326,0.64785,0.75082,0.35547,0.40346,0.89736,1.369,0.46533,0.25596,0.29963,1.6928,1.4498,0.40187,0.26914
0.44453,0.24311,0.25329,0.41902,0.53554,0.47661,0.41874,0.37386,0.40347,0.26446,0.13686,0.65826,0.80676,0.80038,0.16748,0.28743,0.55884,0.44301,0.43287,0.24565
0.23647,0.62102,1.2279,0.95869,0.3509,0.7527,0.28852,0.454,0.46288,0.25788,0.3226,0.1302,0.24664,0.76586,0.1607,0.75539,0.27417,1.0027,0.27586,0.44265
0.2034,1.0379,0.18569,1.1486,0.43368,0.49663,0.6111,0.42304,0.34757,0.619,0.21173,0.77513,0.78059,0.36892,0.0090469,1.4418,0.08352,0.53256,0.4335,0.78435
0.75226,0.84047,0.67872,1.0907,0.67226,1.1821,0.49567,0.77668,0.87564,1.6833,0.71717,1.3208,1.6714,1.4821,0.58694,1.2469,0.62374,1.3976,0.40087,0.35649
0.61223,2.1876,1.0915,2.4527,1.8052,0.94911,0.43712,1.0723,1.9524,3.4097,1.5769,1.9027,2.1705,1.4684,1.2572,1.6294,2.3006,3.396,1.5194,0.96261
