1.697,1.4501,1.2439,1.2219,1.5257,1.6006,1.5256,1.8557,1.8063,2.5737,2.205,1.4349,2.5965,1.1671,1.9998
1.5541,1.628,1.6656,1.987,1.3018,2.7022,2.2376,1.8704,1.7815,2.6122,2.821,1.6147,2.229,2.0955,2.4551
2.5826,2.6209,2.6391,2.9195,2.584,3.176,3.4751,2.7395,3.0111,3.8559,4.1007,3.0606,3.7705,3.4531,3.7175
1.9775,3.0026,2.486,2.6024,2.3166,2.451,2.4855,2.959,1.6446,2.7778,2.6695,2.4181,3.1717,3.0638,2.4055
2.3097,2.5235,1.3399,1.7548,2.2341,2.0308,1.9665,2.1175,1.0448,2.2671,2.3859,1.7657,2.2659,2.2283,1.9227
0.88036,1.2399,0.56677,0.94954,1.1411,0.70004,0.85018,0.86358,0.60329,1.017,1.4892,0.78048,0.90327,1.5744,1.1231
0.70918,0.48478,0.49231,0.74661,0.67963,0.31373,0.73998,0.59547,0.39263,0.64672,1.0922,0.31667,0.45847,0.74262,0.77576
0.46191,0.34086,0.32867,0.36336,0.62537,0.33072,0.35376,0.45075,0.41741,0.52538,0.54973,0.37291,0.40288,0.43274,0.60435
0.51268,0.27783,0.51029,0.48503,0.63358,0.23387,0.36395,0.44258,0.38943,0.39567,0.48538,0.30452,0.27679,0.40126,0.50681
0.33244,0.28395,0.35956,0.55376,0.78459,0.38325,0.77572,0.53279,0.48407,0.80292,0.50925,0.33292,0.56697,0.40878,0.71427
0.46018,1.092,1.2921,1.0885,1.1839,0.8917,1.079,0.99709,0.63138,1.4017,1.0428,0.68304,1.3699,0.65832,1.2789
1.5367,1.4789,1.0222,1.7669,1.8372,1.7019,1.755,1.9944,0.96322,1.4607,1.6635,1.1873,1.418,1.6213,1.5795
