2.5934,1.8051,1.4709,0.81204,0.32501,3.5273,1.6233,1.7804,1.9434,0.37162,3.576,0.8635,1.3214,2.5169,2.0248,2.3065,3.8307,4.0515,1.5288,3.5245
1.8126,1.4651,3.4896,2.9413,2.348,2.3081,3.2016,0.044343,2.3785,0.43201,1.858,2.1731,1.1144,3.1301,4.0373,4.0762,1.9056,2.0309,1.5462,2.0954
2.3431,3.7167,3.5031,3.7502,3.3726,3.4576,2.9589,2.8392,2.8381,2.8676,2.2199,4.5531,4.8818,3.6508,3.1396,2.8004,2.9108,4.6418,2.7415,3.7424
3.2079,2.6536,3.9457,2.9793,2.2097,1.6148,4.8871,3.1134,3.4111,1.7453,3.2278,1.9634,3.2473,3.841,2.6996,5.8784,6.2494,3.4913,0.5704,4.4013
0.39923,1.9089,1.5524,2.0215,3.1557,2.5201,2.4582,2.2281,3.8809,0.81996,1.3264,0.88968,2.5917,1.4002,2.4476,2.8152,3.9617,0.98384,2.6998,2.2622
0.18068,2.0722,1.8839,2.0384,0.729,1.2715,1.3735,1.5832,0.73669,0.61048,0.60501,1.3309,0.74949,0.41114,0.45273,0.75818,0.7413,1.3219,0.89952,0.9553
0.42705,0.50167,0.95387,0.63812,0.066664,0.77001,1.7812,0.49527,0.67412,0.54802,0.52339,0.94394,1.4325,0.709,0.32082,0.31249,1.7894,1.4178,0.41172,0.24551
0.51494,0.2558,0.1885,0.39185,0.69351,0.42396,0.24119,0.3911,0.40269,0.30761,0.15866,0.56474,0.65217,0.86633,0.25671,0.37431,0.44123,0.35047,0.48008,0.35036
0.2511,0.77917,1.4804,1.0202,0.35289,0.787,0.30869,0.49416,0.49692,0.30679,0.48718,0.10129,0.18513,0.59213,0.25281,0.85445,0.26659,1.0586,0.29372,0.55275
0.25997,0.83824,0.10189,0.8918,0.47582,0.3554,0.68538,0.44214,0.36173,0.70717,0.24493,1.1816,0.89744,0.25259,0.075792,1.1144,0.11245,0.39244,0.49517,0.8192
0.96904,0.6404,0.92737,0.85706,0.7259,1.2414,0.50842,0.8378,0.96147,1.7045,0.90705,1.1504,1.4612,1.5981,0.87793,1.0022,0.9453,1.4554,0.44233,0.27045
0.71167,2.3111,1.2213,2.5192,1.9612,0.97052,0.73152,1.1808,2.0604,2.9724,1.7114,1.807,1.8213,1.228,1.4592,1.6122,2.5069,3.1503,2.0365,1.4262
