2.4875,3.167,2.3422,4.9924,4.7954,2.0309,2.6364,2.5931,1.9324,1.9499,0.72048,3.1518,2.1267,1.8844,2.1889
3.3983,2.992,3.8556,2.9079,3.8167,1.9074,1.238,0.9293,4.6641,2.8681,1.0713,3.7563,6.0063,4.784,4.778
3.6454,3.113,2.6321,5.2488,3.4163,0.90184,2.9292,3.4609,3.8582,2.8508,2.2744,1.9659,3.6885,3.411,6.4264
4.2208,1.303,0.54022,3.2447,1.9786,2.9428,4.0036,2.8381,3.5423,2.8433,3.2622,1.3866,2.2199,4.606,3.504
3.2342,1.625,2.4452,2.4917,0.72621,0.78518,5.139,1.7221,4.0717,2.098,3.0288,1.342,2.2925,2.146,11.858
1.4274,1.6034,0.76461,3.2346,0.89157,1.0426,2.0047,0.44532,1.9054,1.0417,1.3035,0.95155,0.72422,2.556,2.5299
2.8855,1.3778,1.8259,5.0874,0.78876,1.7313,0.69232,0.073776,1.5524,2.0439,0.43651,0.56949,0.22833,3.3481,1.0036
0.7306,0.80727,0.53791,0.078081,0.48361,0.25234,0.71713,0.48647,2.9153,1.0704,1.0981,0.7795,0.10966,0.18774,0.6128
0.95848,0.0081625,0.34285,0.49024,1.5422,0.28621,1.6382,0.09289,0.50943,0.11381,1.0723,0.83387,0.018846,0.024637,1.0575
1.5208,1.4621,0.27943,3.1854,1.0663,0.25811,2.005,1.0989,0.044037,0.63239,0.23523,0.46086,0.0029517,0.084443,0.57812
2.967,1.1764,0.48874,0.79331,3.1136,1.9268,1.0574,1.583,0.72271,2.3572,4.2318,0.5587,1.7235,0.57354,1.2218
2.7293,3.1395,1.5841,1.1544,3.322,2.0513,1.0006,1.7041,0.92862,2.3275,1.9366,1.7355,1.8728,3.5374,2.8726
