3.268,3.2065,3.2372,2.7463,2.5967,2.1594,2.4689,3.0685,2.8481,2.7838
3.911,4.3786,3.8423,2.8831,3.5178,2.9192,3.1278,4.4219,3.6017,3.5644
4.0895,3.4135,4.0495,3.0182,2.7314,3.7092,3.1061,4.1876,3.6846,3.5198
3.1252,3.2245,3.3312,2.1034,2.7109,2.6586,2.4882,3.2055,2.9277,3.2269
2.1288,2.0098,2.6194,1.2439,1.9269,1.5281,1.4031,2.0536,2.7118,1.9258
0.86384,0.85294,1.1782,0.66889,0.63657,0.60599,0.58018,1.0254,1.1003,0.93743
0.76882,0.69325,0.86416,0.67244,0.51424,0.66637,0.67456,0.88444,1.0219,0.62351
0.68831,0.58506,0.80299,0.52497,0.49476,0.4994,0.43167,0.61149,0.60341,0.48322
0.3757,0.38385,0.45599,0.36934,0.26128,0.24486,0.33703,0.60698,0.45968,0.43339
0.45595,0.58152,0.74662,0.51993,0.42615,0.41644,0.42206,0.81498,0.58601,0.44127
1.3953,1.0433,2.215,1.5555,1.6258,1.3973,1.0577,1.3951,1.4787,1.3894
2.4891,2.6036,3.2457,2.9128,2.5226,2.8283,2.4606,2.4704,2.6859,2.598
