2.5462,3.2271,2.4005,5.0568,4.8593,2.0704,2.7009,2.922,2.2466,2.081,0.82565,3.1338,2.411,2.004,2.1761
3.3733,3.1259,3.8965,3.0679,3.9434,2.1156,1.1741,0.99877,4.8834,3.1058,0.94973,3.8054,6.1326,5.0633,4.923
3.5748,3.0799,2.751,5.2302,3.5814,1.0957,2.7606,3.0382,4.0016,2.8579,1.8499,2.0772,4.072,3.542,6.6075
4.1432,1.301,0.71848,3.324,1.993,4.6697,4.1174,2.7177,3.6985,2.9619,3.0948,1.4464,2.4445,4.5937,3.727
3.3713,1.4923,2.0755,2.692,0.87804,1.1926,5.4094,1.5916,4.2858,2.1365,3.0054,1.3268,2.4777,2.3376,12.594
1.5228,1.5417,0.70493,3.4771,1.0974,1.3442,2.2628,0.39721,2.0366,1.1098,1.342,1.0254,0.82951,2.8557,0.56076
3.0352,1.4052,1.7259,5.7197,0.93374,2.0231,0.75942,0.12588,1.6636,2.2262,0.4844,0.61582,0.22398,3.6356,0.61512
0.88982,0.8479,0.57749,0.18482,0.5913,0.29356,0.72833,0.5364,3.1266,1.172,1.1566,0.75477,0.076332,0.40134,0.43311
1.119,0.001544,0.3351,0.65395,1.5985,0.3331,1.7667,0.087757,0.66831,0.12717,1.1286,0.89396,0.027002,0.013509,0.89857
1.6539,0.97382,0.25231,3.639,1.2239,0.2567,2.3258,1.2969,0.024856,0.79743,0.26391,0.50765,0.0050194,0.039243,0.60794
3.1511,1.118,0.54098,1.3541,3.3443,2.0942,1.1953,1.727,0.6787,2.6922,4.6239,0.55185,1.5569,0.53838,1.3002
2.8415,3.0408,1.8687,1.401,3.437,2.1746,0.99251,1.8923,1.1564,2.4733,2.1382,1.9966,1.8683,3.7886,2.828
