1.0122,3.329,3.5812,3.9309,1.7794,5.4355,3.8281,0.32816,5.4409,3.8652,2.7038,3.2235,3.6335,1.6688,2.1085,1.3726,3.6342,1.5926,0.98646,1.6626
3.1012,4.2805,5.4806,4.9856,1.4413,2.2524,3.856,1.2846,2.6549,3.0966,5.5563,4.3646,4.1807,6.3425,1.5105,1.7155,6.1235,2.5285,4.7283,5.17
5.2618,6.4241,4.321,4.5692,3.8258,4.1955,5.1379,3.4884,3.693,2.0831,4.4055,7.3849,2.7371,5.3728,2.8959,2.4018,5.0456,4.1987,5.8553,2.003
3.6047,2.9925,2.4518,3.4386,2.1051,4.0733,3.5119,2.4031,2.6468,3.6823,3.9833,4.493,1.826,3.3718,2.2051,2.2644,3.0305,2.8033,4.2498,4.3107
0.74406,0.6607,1.9801,2.664,1.9381,3.3722,2.6222,0.98807,1.2071,3.8669,0.70583,1.1374,5.1018,2.0272,3.3778,0.075314,0.14536,0.80136,2.906,2.4484
3.5813,0.9014,1.2625,0.78136,0.51307,0.26983,2.6944,0.63607,0.57958,0.91794,1.4534,1.079,1.0021,1.1709,0.31044,0.4103,0.7612,0.9798,0.87914,0.90479
0.66819,0.18256,0.93052,0.94372,0.28147,0.4585,1.2736,1.2435,1.0123,0.29243,0.97988,1.0022,0.084732,1.2183,1.4365,0.83134,0.81204,0.55202,0.35886,0.64989
0.86948,0.16325,0.68262,0.064115,0.39327,0.056157,0.45572,0.21987,1.2736,0.24482,1.0365,1.9627,0.41111,0.18038,1.12,0.87209,0.0042843,1.0961,1.0144,0.065844
0.35232,0.34952,0.49012,0.052916,0.48064,0.20882,0.43937,0.88745,1.552,0.50656,0.96387,0.64739,0.41632,0.3142,0.88426,0.20222,0.67589,0.98658,1.5662,0.0328
1.3141,0.6127,0.76154,0.59893,0.1719,0.72085,0.58263,0.71315,0.20058,1.6282,2.0823,4.7086,2.1587,1.7195,1.3313,0.027477,0.10677,1.0944,0.85802,0.0023942
5.6268,1.1611,1.5403,1.4509,1.6112,3.8377,1.1472,1.2854,2.5521,4.364,1.9412,3.029,2.0722,1.571,3.8972,2.3567,4.0479,2.179,1.311,0.86943
3.6803,4.2063,1.5161,4.4246,1.0338,2.138,1.065,3.1781,1.7073,2.3429,2.4749,4.0939,2.9714,3.5749,4.1525,2.4201,1.5343,3.8414,0.47407,0.84716
