2.3108,2.9855,2.1664,4.7985,4.6029,2.0632,2.5357,2.6681,2.1465,1.8567,0.77239,3.3221,2.2211,1.879,2.2305
3.5005,2.8759,3.9988,2.5692,3.4525,2.141,1.3028,1.0275,4.9571,3.1062,1.4499,3.688,6.2488,5.0569,4.9925
3.6261,3.2132,2.4824,5.4023,3.2192,1.1238,3.3679,3.9807,3.49,3.0058,2.6929,1.8498,3.3832,3.0578,5.8791
4.1831,1.4999,0.96645,2.6349,2.0776,4.0843,4.268,2.8246,3.4467,3.1713,3.8092,2.0941,2.2019,4.7442,2.8337
2.5624,2.2055,3.4945,2.2599,0.94855,0.78247,4.1822,1.7518,3.4985,2.136,2.7692,1.8354,2.6851,1.6708,10.333
1.2141,1.8106,0.85904,2.9732,0.9647,1.0342,2.0161,0.44896,1.7815,1.0138,1.1714,1.1076,0.74221,2.2644,4.1898
2.6179,1.3654,1.8808,5.5432,0.79727,1.6772,0.67077,0.07696,1.4613,1.9709,0.38238,0.5901,0.23201,3.3246,1.2925
1.3802,0.9418,0.79671,0.86405,0.47753,0.37638,0.66537,0.2255,3.3558,1.5293,0.87247,0.72247,-0.15465,0.66343,0.79595
1.2539,-0.0037604,0.40164,0.83518,1.4958,0.30587,1.5552,0.050225,0.85768,0.15132,0.96797,0.78909,-0.041537,0.0022597,1.1512
1.7382,1.1543,0.29426,3.7184,1.2937,0.26137,2.4454,0.91785,-0.020393,0.64863,0.24175,0.44557,-0.063341,0.031669,0.64104
3.7099,1.2391,0.44342,1.622,3.5958,1.7656,1.6251,1.5651,0.38134,2.3644,3.8834,0.52479,0.93631,0.34068,1.2601
2.9152,3.1557,1.4517,1.5514,3.4761,1.9305,1.2476,1.6505,0.61512,2.2789,2.1197,1.6388,1.4472,3.2344,2.8726
