4.4777,4.2145,4.3456,2.3133,1.7199,-0.013366,1.594,2.5247,2.4295,2.2383
5.749,7.8318,5.4809,1.8962,4.6039,2.4671,3.1545,7.1478,4.2959,4.5453
4.6485,1.7728,4.5945,2.0256,0.81912,5.5148,2.2703,4.7308,3.7191,3.2293
2.7875,4.0513,3.7263,0.97772,3.6201,1.9822,2.1946,2.7858,2.8432,4.3332
1.9299,1.858,3.8192,0.82161,3.2395,0.75202,0.88875,1.4429,6.6433,1.4647
0.50544,0.53731,1.5118,0.77244,0.29123,-0.096046,0.1784,0.97726,1.8198,0.70082
0.77529,0.52362,0.86918,1.2799,0.10447,0.60501,0.94915,1.3973,1.804,0.30479
1.193,0.56365,1.4248,0.8839,0.21157,0.50662,0.39258,0.85767,0.69156,0.14315
0.52078,0.53705,0.89975,0.56928,0.1168,0.073979,0.37113,2.53,0.77986,0.75053
0.29336,0.92873,1.8502,0.68136,0.28165,0.21395,0.31619,3.2601,0.91278,0.38074
1.2149,0.38736,8.2757,2.3373,2.8486,1.6212,0.40031,1.4603,1.7515,1.2127
1.7992,1.9381,4.644,3.5152,2.177,3.4475,1.6898,1.083,2.3621,2.1586
