0.90102,3.2052,3.456,3.8039,1.6641,5.3625,3.7653,0.13982,5.4219,3.6487,2.6572,3.0499,3.7265,1.4181,2.1884,1.4368,3.5195,1.7391,0.97456,1.5992
2.859,4.2749,5.3853,4.8643,1.176,2.4323,3.7704,1.6284,2.8305,2.9563,5.6338,4.3966,4.1689,5.9873,1.398,1.512,6.0269,2.3128,4.4934,4.8766
5.2207,6.3336,4.4761,4.4893,3.5645,4.0127,5.1156,3.3381,3.6576,2.0896,4.5843,7.2828,2.6918,5.3092,2.701,2.2032,5.1744,3.9643,5.6723,1.984
3.5486,3.1396,2.4559,3.3685,2.1191,3.9927,3.4455,2.4505,2.7671,3.5193,3.9838,4.2542,1.681,3.3299,2.0573,2.0242,2.9717,2.7092,4.3409,4.1369
0.68689,0.84996,1.9142,2.6003,1.756,3.2827,2.5524,0.9287,1.2782,3.727,0.64204,1.2147,4.7699,1.9973,3.1349,0.094784,0.058745,0.83673,2.8765,2.4303
3.1976,0.81453,1.3422,0.74327,0.5225,0.24158,2.602,0.50766,0.49743,0.98445,1.2722,0.94628,0.79745,1.274,0.27228,0.45735,0.71261,0.8494,0.83177,0.91501
0.75659,0.20248,0.96398,0.968,0.24438,0.36467,1.3202,1.143,0.92215,0.3567,0.90173,1.0341,0.083288,1.3232,1.2258,0.74201,0.82129,0.58079,0.3918,0.72373
1.0033,0.11419,0.72272,0.075804,0.30358,0.024936,0.43662,0.19076,1.2132,0.20053,1.0028,1.9804,0.33826,0.17664,1.0078,0.91078,0.033362,1.1338,0.92752,0.039663
0.36753,0.27515,0.55795,0.037663,0.44086,0.16898,0.45213,0.75362,1.4447,0.42779,0.91579,0.70044,0.39305,0.25843,0.81093,0.20194,0.59237,0.94984,1.463,0.01721
1.4983,0.6237,0.80471,0.49632,0.16397,0.6436,0.6297,0.64915,0.24642,1.5059,1.9839,4.6208,2.2839,1.7444,1.2409,0.018379,0.085635,1.0456,0.98468,0.022958
5.4452,1.2689,1.5546,1.4778,1.3988,3.7305,1.301,1.2582,2.3739,4.3,2.1204,2.3424,2.2686,1.5809,3.7013,2.0741,3.5213,2.0588,1.3277,0.76721
3.6959,4.354,1.6596,4.6183,1.0295,2.2337,1.2125,3.2971,1.5934,2.5197,2.4985,3.9322,2.9781,3.7152,4.2739,2.2775,1.676,3.7485,0.34242,0.69297
