1.1742,3.5094,3.7636,4.1161,1.9475,4.8842,3.2101,0.52597,4.8231,4.2782,2.8777,3.6197,3.4268,1.8489,2.2747,1.5298,3.0198,1.6055,0.57611,1.1004
3.5173,4.0965,5.0814,4.4302,1.6304,1.919,3.3611,2.3923,2.3173,2.5958,5.7352,4.2955,3.7684,6.5768,1.6846,2.0304,5.6897,2.7601,5.1657,5.3989
5.4775,5.7603,3.8835,3.9145,4.2504,4.4045,4.8511,3.9061,3.8724,2.2069,3.9945,6.5938,2.3901,4.694,3.2463,2.6744,4.5754,4.3961,5.0711,1.624
3.1295,2.735,2.1541,3.0522,2.1027,3.8058,3.0355,2.5189,2.7151,3.9813,3.6391,3.8986,1.9603,2.9098,2.3384,2.4334,2.5652,2.5477,3.8957,4.6344
0.4261,0.7402,2.1287,2.3467,2.0972,2.7957,2.2652,1.1197,1.3389,3.367,0.28936,0.81022,5.4149,1.778,3.5582,0.19311,-0.089083,0.91935,2.3808,1.9687
4.2361,1.1493,1.3804,0.58332,0.5842,0.092577,2.2295,0.75063,0.66939,0.6727,1.7833,1.2145,0.56497,1.2744,0.12397,0.80875,1.1628,1.196,0.60862,0.77694
0.52343,0.21949,0.79949,1.0429,0.33497,0.55671,0.96235,1.3698,1.1218,0.33452,0.76363,1.0095,-0.07245,1.1396,1.6159,0.93263,0.90232,0.59632,0.40928,0.71611
0.96106,0.23783,0.60412,0.028985,0.46359,0.090209,0.2884,0.10621,1.0615,0.29985,0.88138,1.6725,0.56905,0.077932,0.77052,0.87981,0.011261,1.2172,1.135,-0.044519
0.27169,0.40745,0.4887,0.086389,0.5434,0.28335,0.49599,1.0035,1.0575,0.57564,0.70324,0.47887,0.47161,0.36471,0.61958,0.14903,0.89394,0.70099,1.167,0.061063
1.4165,0.66874,0.62602,0.79651,0.12605,0.81709,0.5328,0.44854,0.13324,1.3341,1.4119,3.5077,2.1047,1.8954,0.88238,0.049181,0.034405,0.71931,0.67325,0.051243
4.155,1.1481,1.2903,1.4579,1.794,3.389,1.1736,1.1209,2.8115,3.2647,1.5689,1.9288,1.6973,1.1481,2.8517,2.9324,4.6586,1.6053,1.0289,1.1539
3.2248,4.3758,1.5258,4.5101,0.97753,1.731,1.2135,3.3247,1.1911,2.0233,2.1389,3.4934,2.5728,3.555,3.7253,1.9346,1.1853,3.3879,-0.35529,1.0016
