3.0104,3.1788,2.9739,3.6168,3.5705,2.8642,2.8534,2.7725,2.7784,2.8083,2.4079,3.0714,2.761,2.6101,2.8204
3.5328,3.4112,3.6475,3.419,3.6294,3.0834,2.8626,2.6587,3.6421,3.3464,2.7444,3.3813,3.9491,3.5858,3.7165
3.6277,3.5368,3.3409,4.153,3.6841,2.7586,3.3906,3.4703,3.5572,3.3819,3.0766,3.1062,3.5996,3.405,4.1075
3.2494,2.5349,2.3604,3.0416,2.7638,2.814,3.0918,2.7659,3.0983,2.8928,2.8536,2.5461,2.8528,3.3449,3.1542
2.2041,1.8233,1.9545,2.1506,1.5854,1.37,2.3504,1.7888,2.3251,1.916,1.9608,1.661,2.093,1.9943,3.3298
1.0803,0.97933,0.74313,1.3367,0.88233,0.87506,1.1837,0.75787,1.1413,0.92535,0.94735,0.83078,0.84724,1.2954,1.5227
1.1311,0.81639,0.9011,1.3585,0.69247,0.83364,0.79716,0.51094,0.95376,0.96668,0.65228,0.64024,0.59638,1.1807,1.0337
0.68467,0.6306,0.54449,0.56648,0.53493,0.45691,0.68581,0.52846,0.97742,0.68922,0.70768,0.61134,0.41916,0.56173,0.75231
0.52072,0.24208,0.36613,0.5007,0.51774,0.35111,0.5483,0.23911,0.4433,0.295,0.45178,0.42196,0.21287,0.25882,0.5394
0.73609,0.69924,0.45155,0.89831,0.6278,0.42945,0.79085,0.59899,0.41335,0.58468,0.44197,0.49084,0.28689,0.37665,0.56885
1.7908,1.2301,1.1058,1.3419,1.7932,1.479,1.439,1.3113,1.2805,1.5296,1.9612,1.1644,1.2974,1.0473,1.4451
2.8821,2.8993,2.445,2.6008,2.9978,2.5182,2.5258,2.4934,2.2714,2.6325,2.583,2.5294,2.3248,2.8241,2.8647
