0.96435,3.2757,3.5273,3.8762,1.7298,5.3891,3.6614,0.19146,5.3733,3.6392,2.7453,3.0944,3.5689,1.476,2.3044,1.4807,3.5224,1.6977,0.85222,1.5724
3.2868,4.1336,5.1482,4.5345,1.4984,2.1673,3.4394,2.076,2.5667,2.6701,5.7115,4.3124,3.8375,6.3939,1.6158,1.8687,5.757,2.6202,4.9107,5.2333
5.4667,5.8307,4.0109,3.9979,4.0991,4.3046,4.8543,3.8068,3.8105,2.1676,4.1654,6.6905,2.4143,4.9392,3.1266,2.5827,4.766,4.3331,5.2029,1.7078
2.919,2.4934,2.1055,3.0033,2.0439,3.7177,2.8886,2.4944,2.69,4.2082,3.5684,3.5662,2.1287,2.7547,2.403,2.5785,2.4306,2.4607,3.706,4.9583
0.42445,0.72324,2.0916,2.3483,2.0575,2.8295,2.2618,1.1019,1.3282,3.4259,0.30909,0.83143,5.3648,1.7694,3.53,0.18028,-0.10607,0.90075,2.4126,2.0487
2.8558,0.75001,1.3854,0.639,0.58014,0.17892,2.3244,0.52918,0.50898,0.98342,1.0737,0.8311,1.2942,1.1729,0.30344,0.37371,0.5345,0.83693,0.67928,0.77004
0.86471,0.1857,0.92296,0.91713,0.25792,0.31998,1.3493,1.1553,0.92752,0.34037,0.79919,0.96413,-0.045651,1.2235,1.2145,0.70156,0.74678,0.56587,0.34859,0.66136
1.0691,0.016082,0.71677,0.071557,0.19904,-0.031467,0.52284,0.22205,1.2328,0.12813,0.93221,1.964,0.046845,0.20319,1.0983,0.85389,0.014077,1.044,0.74733,-0.058512
0.36471,0.20614,0.53253,0.025385,0.3816,0.11656,0.47422,0.74157,1.4473,0.36878,0.85509,0.84805,0.2593,0.25053,0.81417,0.1842,0.49084,0.89704,1.2844,-0.008191
1.4427,0.5555,0.74005,0.4113,0.13516,0.57452,0.60456,0.61784,0.31623,1.3641,1.9412,4.723,1.9246,1.7139,1.212,0.013706,0.058027,1.0367,1.1235,-0.055434
6.2713,1.1877,1.5124,1.3317,1.1488,3.5334,1.26,1.2161,2.3647,4.843,2.8259,5.1586,3.0275,2.0033,4.0378,1.4819,2.7196,2.169,1.4804,0.3395
4.3406,4.2771,1.5834,4.4878,0.87365,2.3563,1.1616,3.2452,1.5301,2.8875,2.6165,4.465,3.1093,3.8123,4.5114,1.9804,1.6168,3.6996,-0.3147,0.32999
