4.3959,4.1336,4.2643,2.2391,1.6477,0.16797,1.537,2.5333,2.6767,2.1196
6.0325,8.1511,5.7722,1.7163,4.3108,1.7462,2.8761,6.8726,4.0546,4.3656
5.1318,0.73086,5.0472,1.7289,1.0345,4.9631,2.0479,4.6593,4.1112,3.6014
3.2894,2.3349,4.2389,0.36747,1.1456,2.5655,1.6022,3.2803,3.103,4.0416
2.2701,1.637,4.6819,0.002404,2.5959,0.60968,0.65144,1.7084,6.7874,1.8584
0.58161,0.42982,1.4983,0.37933,0.30536,0.077306,0.18531,0.92117,1.8434,0.66075
0.78717,0.49608,0.96062,1.067,0.11272,0.90459,1.0426,1.1952,1.8625,0.26135
1.0508,0.58597,1.5366,0.76881,0.47957,0.67133,0.43912,0.70829,0.45028,0.22629
0.50717,0.46365,0.82184,0.55687,0.14705,0.077713,0.3538,2.2573,0.59606,0.92372
0.33463,0.9258,1.7583,0.76061,0.33119,0.26142,0.24596,2.4512,0.90049,0.39544
1.2708,0.38522,6.3798,2.5629,2.9998,1.8892,0.42073,0.7639,1.7561,1.1475
1.6245,2.1647,4.5,3.6067,2.1466,3.7278,1.9016,0.78663,2.4843,1.9727
