2.0582,2.7264,1.9153,4.5215,4.3278,2.0356,2.4417,3.0595,2.5011,1.6806,1.005,3.7856,2.548,2.504,2.3786
3.5891,2.8774,4.1076,2.3526,3.2549,2.2586,1.3592,1.0674,5.0709,3.2536,1.7333,3.6468,6.3553,5.2076,5.095
3.6202,3.2522,2.4474,5.4881,3.217,1.1808,3.5279,4.1823,3.3789,3.0274,2.8235,1.8357,3.1868,2.9487,5.7181
4.1833,1.4476,0.81505,2.8368,2.0246,3.6384,4.2315,2.8698,3.4284,3.0847,3.6712,1.8288,2.1706,4.6598,3.0842
2.5371,2.234,3.5529,2.2662,0.95762,0.77279,4.141,1.754,3.4851,2.1322,2.7503,1.8498,2.7022,1.6451,10.343
1.0812,1.7313,0.63692,2.8289,1.2836,1.4551,1.4821,0.48077,1.4059,0.97622,1.005,1.1396,0.6298,2.3976,2.2025
2.4351,1.0864,1.9335,3.9122,0.79164,1.6325,0.47364,0.15749,1.1744,1.9313,0.34174,0.55223,0.26848,2.5372,0.69997
0.48131,0.58876,0.33688,0.0067069,0.46074,0.12116,0.73356,0.78362,2.2186,0.73479,1.3135,0.86575,-0.052349,0.072645,0.51101
0.86881,-0.019827,0.35267,0.71747,1.6367,0.37703,1.5024,0.10398,0.34534,0.069731,0.83002,0.73412,0.063259,-0.0011075,1.0306
1.0823,2.2619,0.28112,2.7946,0.72696,0.28732,1.418,1.5236,-0.063734,0.87719,0.12086,0.30338,0.095565,0.21115,0.37406
2.2464,0.84584,0.60782,0.55334,2.4963,2.2783,0.73808,1.2274,1.0716,2.1922,5.01,0.58093,2.4707,0.84242,1.1636
2.2428,3.2409,2.0698,1.4649,2.8139,1.7879,1.1609,1.5864,1.2755,1.9375,1.4334,2.1849,1.6908,4.0073,2.9464
