4.3674,4.1055,4.236,2.2132,1.6226,0.083551,1.5494,2.4837,2.5903,2.1719
6.0529,8.1356,5.7773,1.7256,4.3201,2.141,2.8809,7.0298,4.2444,4.3579
5.1598,1.8867,5.1269,1.7024,1.0039,5.043,2.1448,5.0914,4.0517,3.5574
3.3066,3.198,4.2573,0.25699,2.3714,2.5768,1.563,3.3086,2.9998,4.2447
2.1555,2.0371,4.7795,0.43957,2.9027,0.67373,0.62072,1.6242,6.8366,1.9079
0.56062,0.58258,1.5564,0.69878,0.29174,0.093773,0.15089,1.025,1.4389,0.80757
0.79704,0.53693,0.92001,1.2451,0.11253,0.83214,0.98533,1.4531,1.732,0.33133
1.2224,0.64931,1.4358,0.7481,0.44962,0.64631,0.37922,0.70929,0.4581,0.2491
0.5021,0.58231,0.82604,0.53322,0.17612,0.09339,0.38533,2.3732,0.68228,0.92836
0.29857,0.9827,1.759,0.68158,0.34417,0.26279,0.33237,2.1285,0.87255,0.40275
1.3221,0.36536,6.5522,2.3223,3.1951,1.8827,0.45178,0.79836,1.6509,1.2954
1.8739,2.073,3.7989,3.5449,2.1856,3.599,1.8571,0.78123,2.365,2.2218
