2.2947,2.8719,2.9322,3.0151,2.4906,3.628,3.0289,2.1741,3.4268,2.9966,2.8959,2.8931,3.0132,2.5598,2.8423,2.5919,3.192,2.65,2.3843,2.6592
3.112,3.4431,3.6987,3.5709,2.712,3.3006,3.4539,2.7707,3.3331,3.0434,3.8599,3.4409,3.4863,3.8984,2.8947,2.8846,4.0876,3.1128,3.642,3.8421
3.736,4.0451,3.7406,3.7278,3.4138,3.8706,3.911,3.2676,3.7477,3.1041,3.7807,4.1883,3.3006,3.8702,3.2878,3.0912,4.0615,3.5821,3.8391,3.0641
2.9578,3.0071,2.836,3.0345,2.5551,3.1831,3.0329,2.6257,2.8986,3.0063,3.2314,3.3312,2.6268,3.0818,2.6047,2.5747,3.0609,2.7681,3.2491,3.2492
1.6529,1.8018,2.0488,2.1631,1.8737,2.3191,2.1682,1.6401,1.8387,2.2463,1.7069,1.962,2.5616,2.0977,2.1831,1.3994,1.5828,1.6826,2.2917,2.0171
1.2987,0.92134,0.98168,0.8561,0.73463,0.73028,1.2132,0.74156,0.79179,0.89963,1.0462,1.0398,0.8594,1.0234,0.63573,0.68911,0.86776,0.86602,0.94279,0.91013
0.67587,0.51727,0.72794,0.76826,0.53295,0.64794,0.83956,0.72786,0.72252,0.62618,0.69149,0.77538,0.5604,0.8145,0.81158,0.61034,0.65445,0.61019,0.64856,0.70667
0.67795,0.40125,0.57976,0.37987,0.45125,0.35884,0.54923,0.39055,0.63057,0.45788,0.62426,0.77356,0.51502,0.43326,0.58364,0.54926,0.35673,0.63436,0.6429,0.38818
0.33478,0.28808,0.36706,0.21985,0.32205,0.26126,0.37616,0.399,0.46168,0.33584,0.41138,0.40852,0.31942,0.32042,0.39652,0.26419,0.36913,0.40047,0.45559,0.20407
0.66412,0.45985,0.53377,0.44097,0.34392,0.4638,0.50583,0.46976,0.43591,0.59923,0.7032,0.95146,0.68379,0.6482,0.61115,0.30733,0.30056,0.58658,0.59912,0.27539
1.896,1.2217,1.3528,1.2078,1.312,1.5874,1.299,1.2828,1.6512,1.7443,1.5541,1.769,1.5182,1.3329,1.7393,1.4054,1.6664,1.4974,1.3877,1.0161
3.1085,3.06,2.4431,3.0587,2.1817,2.5545,2.33,2.843,2.4039,2.7534,2.7549,3.2451,2.8518,3.0048,3.1583,2.4094,2.3362,2.9861,2.1841,2.0018
