4.7483,4.4821,4.6148,2.5589,1.9587,0.21795,1.8088,2.0685,2.2463,2.3965
5.5283,7.6386,5.2803,1.987,4.7933,2.9143,3.3557,7.2181,4.3754,4.6543
4.5332,1.6462,4.4926,2.0752,0.7906,5.568,2.2782,4.5492,3.6795,3.1829
2.9291,3.6835,3.8666,0.70994,3.0164,2.2247,1.9578,2.9384,2.8511,4.2577
1.9283,1.8699,3.8347,0.80915,3.2512,0.74642,0.88395,1.4416,6.6405,1.477
0.51385,0.55761,1.1378,1.1071,0.18224,0.01446,0.33783,1.1185,1.0652,0.80969
0.94413,0.64369,0.72578,1.3618,0.22813,1.2211,1.3877,1.3842,1.4544,0.35442
1.1686,0.73103,1.2954,0.5751,0.69834,0.59971,0.30983,0.51074,0.28992,0.35886
0.37054,0.55246,0.60043,0.47643,0.19656,0.085133,0.44476,2.1943,0.73538,1.1549
0.24081,0.79697,1.3147,0.5638,0.4476,0.40546,0.3134,1.541,0.66567,0.25882
1.5103,0.25125,5.0803,2.1095,3.4895,2.1859,0.52576,0.54527,1.382,1.3756
1.8941,2.6151,3.3145,3.1758,1.7231,3.3608,2.346,1.0674,2.2294,2.2561
