1.646129 0.378871 0.1857968
1.4100001 0.73862076 1.3092173
4.049355 1.4140643 4.102481
3.1309996 2.2386 3.7755268
3.5319355 2.9834836 2.2486224
3.2616668 3.4512 0.71510994
2.832258 3.5127099 0.32917422
2.6877418 3.1458387 0.291642
0.9836667 2.4597664 0.06611667
2.1425805 1.6345805 0.14178388
2.6616669 0.8915668 1.1335601
2.1064517 0.43180653 1.3126612
1.8532258 0.378871 2.1398938
1.1121428 0.7287858 1.4067
1.6274194 1.3882579 1.0617127
2.2106664 2.2116 1.4944767
2.4900002 2.962548 0.74178386
1.1023334 3.4418666 0.24987334
2.530968 3.5175483 0.0838645
2.8551612 3.1637099 0.1255129
2.0113337 2.4856331 0.11258665
0.9077419 1.6615483 0.11309031
1.2116667 0.91236675 0.34300002
1.5919356 0.44090328 0.85264516
2.7977421 0.378871 1.6604161
2.9135716 0.7287858 0.58285
2.212258 1.3882579 3.1699195
1.2133332 2.2116 2.6920533
2.622581 2.962548 1.6192832
2.1706667 3.4418666 0.87654996
3.2151613 3.5175483 0.22819678
2.9319355 3.1637099 0.57289994
1.6459998 2.4856331 0.53532004
3.6035485 1.6615483 0.85443556
4.602333 0.91236675 3.2993
2.4122586 0.44090328 2.60319
1.9935483 0.378871 1.849942
2.0785716 0.7287858 2.292093
3.5487092 1.3882579 3.1798031
2.0393333 2.2116 2.5032568
1.3438712 2.962548 0.46447414
4.366667 3.4418666 0.32005006
2.994516 3.5175483 0.7158485
0.9780646 3.1637099 0.09511934
2.2856667 2.4856331 0.06886
0.7354838 1.6615483 0.060151603
3.3579996 0.91236675 0.4650233
2.9341936 0.44090328 1.7384484
2.6783874 0.378871 2.5927806
1.7706896 0.73862076 1.543162
1.644516 1.4140643 3.2271128
2.5433335 2.2386 2.6543834
3.1793547 2.9834836 1.9467709
0.9036667 3.4512 0.36628005
1.5825806 3.5127099 0.11149677
2.621613 3.1458387 0.09778387
1.5510001 2.4597664 0.07666333
1.4745162 1.6345805 0.09715483
2.1780002 0.8915668 0.6063734
1.8735484 0.43180653 1.8327161
2.24871 0.378871 1.496529
1.204643 0.7287858 1.0402464
2.7151613 1.3882579 2.3436387
2.2213333 2.2116 1.8086865
4.3912907 2.962548 2.6017096
1.9753331 3.4418666 0.98671997
2.4332256 3.5175483 0.12860967
1.4196774 3.1637099 0.1523097
2.2993333 2.4856331 0.06797667
1.2996776 1.6615483 0.094919346
1.7123333 0.91236675 0.43997666
1.4616128 0.44090328 0.7107484
1.38 0.378871 0.4242968
1.4992859 0.7287858 1.0386071
2.4858065 1.3882579 2.1025746
3.2446668 2.2116 1.7998967
2.7490323 2.962548 2.0546448
3.0646667 3.4418666 0.73016
1.5170965 3.5175483 0.12860966
1.6180644 3.1637099 0.074606426
1.8116666 2.4856331 0.06577333
2.2616134 1.6615483 0.074180655
1.4526666 0.91236675 0.12972
2.2248387 0.44090328 0.84073865
0.69709677 0.378871 0.6066935
1.6367859 0.7287858 0.68181074
3.2006452 1.3882579 3.1369808
1.5756665 2.2116 0.88315004
1.32 2.962548 0.40602574
1.372 3.4418666 0.16387002
2.8777416 3.5175483 0.054441936
5.1251616 3.1637099 0.46894193
1.8626666 2.4856331 0.12324332
6.438387 1.6615483 3.5710545
2.2429998 0.91236675 1.9320335
0.5532259 0.44090328 0.567358
0.9645161 0.378871 0.3419323
2.5793102 0.73862076 1.136745
3.8990324 1.4140643 3.5742445
2.6546664 2.2386 4.2956867
2.8058064 2.9834836 1.067558
1.6616668 3.4512 0.33432662
4.0712905 3.5127099 0.34107745
4.211935 3.1458387 0.23203231
2.1956668 2.4597664 0.21439002
1.4203224 1.6345805 0.25329033
2.0453334 0.8915668 1.5011631
2.6441934 0.43180653 2.1814451
1.2290322 0.378871 1.1795708
1.1903573 0.7287858 0.9298714
1.9093549 1.3882579 1.8998969
4.6826663 2.2116 4.226827
2.5732255 2.962548 1.0858353
2.1526668 3.4418666 0.23427334
2.974193 3.5175483 0.16007417
1.2922581 3.1637099 0.08387419
2.3176665 2.4856331 0.14727667
1.0258064 1.6615483 0.12637098
1.0616667 0.91236675 0.33025998
2.0393548 0.44090328 1.6482066
2.2525806 0.378871 0.87825805
1.9135716 0.7287858 0.7860714
1.885484 1.3882579 2.3859353
3.4426665 2.2116 6.9968634
2.7503226 2.962548 2.3339708
4.0759997 3.4418666 0.3506866
4.3699994 3.5175483 0.26423228
2.5435483 3.1637099 0.20874839
3.6346664 2.4856331 0.32003996
1.3796774 1.6615483 0.41377416
1.8406667 0.91236675 0.59297
0.80451614 0.44090328 0.38581294
2.6477418 0.378871 1.5566741
1.9267858 0.7287858 1.2555927
2.0603228 1.3882579 1.9599417
2.2226667 2.2116 2.3830898
1.1006452 2.962548 0.7379517
2.1546667 3.4418666 0.16628334
2.1432257 3.5175483 0.08982255
2.8277419 3.1637099 0.1362516
1.5896666 2.4856331 0.11180332
4.7151613 1.6615483 0.61539996
2.959333 0.91236675 1.7436632
2.3174193 0.44090328 2.327274
1.7019356 0.378871 0.9153548
2.5662065 0.73862076 1.4557863
1.2319356 1.4140643 2.4977615
1.868 2.2386 3.0903099
5.0022583 2.9834836 3.3395455
4.1976666 3.4512 1.6706198
1.8829031 3.5127099 0.32545802
2.3287091 3.1458387 0.50350004
2.0420003 2.4597664 0.29039
1.0977418 1.6345805 0.15508063
0.6803333 0.8915668 0.22569996
0.5961291 0.43180653 0.16154836
1.2629031 0.378871 0.12479678
3.6071427 0.7287858 2.5450892
1.8390319 1.3882579 2.0888615
4.723334 2.2116 4.16477
2.7106454 2.962548 1.7632098
3.508 3.4418666 0.60428673
3.201613 3.5175483 0.25934193
2.441613 3.1637099 0.5013548
0.9733334 2.4856331 0.23581001
1.7754838 1.6615483 0.12541288
1.7619998 0.91236675 0.37001336
0.88225794 0.44090328 0.33714518
1.9109676 0.378871 0.575971
1.8971428 0.7287858 0.5249464
1.8729032 1.3882579 2.8708289
2.4496665 2.2116 3.5091872
1.2251614 2.962548 0.69894844
2.099 3.4418666 0.14607334
2.0954838 3.5175483 0.07503549
1.7270967 3.1637099 0.046883862
3.5540001 2.4856331 0.05784333
2.2506456 1.6615483 0.24445164
1.3999999 0.91236675 1.0214201
1.9712902 0.44090328 0.7850419
1.001613 0.378871 0.4055871
0.81571436 0.7287858 0.19522859
1.9593551 1.3882579 3.7505715
1.7233335 2.2116 1.1937535
2.4745162 2.962548 1.1023097
1.594 3.4418666 0.3576133
3.1303225 3.5175483 0.1054387
1.9019356 3.1637099 0.06823225
1.7306668 2.4856331 0.046933327
0.2267742 1.6615483 0.0305
4.6670003 0.91236675 0.64097005
1.2296776 0.44090328 0.7770645
1.9399997 0.378871 1.4579452
1.3127586 0.73862076 0.49230343
3.626774 1.4140643 5.582751
3.0036669 2.2386 1.5353199
1.156129 2.9834836 0.9293773
1.9593334 3.4512 0.17308669
2.4564514 3.5127099 0.079183854
2.4248383 3.1458387 0.042054836
0.47866666 2.4597664 0.022013333
0.7793549 1.6345805 0.03443549
1.0246667 0.8915668 0.042083327
1.796774 0.43180653 0.07237741
2.087097 0.378871 0.19398385
1.1475 0.7287858 0.92716444
1.5200003 1.3882579 0.5661967
2.0903332 2.2116 1.5229068
2.2229033 2.962548 1.1652322
2.3690002 3.4418666 0.7943033
1.9893547 3.5175483 0.085548386
2.105806 3.1637099 0.053867742
1.9586667 2.4856331 0.05336
2.026452 1.6615483 0.0942871
2.4133334 0.91236675 0.13696334
1.1277419 0.44090328 0.23850968
2.0651615 0.378871 0.5287806
2.3703573 0.7287858 1.4116393
1.3458066 1.3882579 3.2823744
1.816 2.2116 1.0602967
1.5658066 2.962548 1.4611259
2.1703334 3.4418666 0.20922668
1.4409677 3.5175483 0.063445166
1.2929032 3.1637099 0.040096767
3.4756663 2.4856331 0.065486655
1.0354837 1.6615483 0.065464504
3.9103334 0.91236675 0.64657336
1.0048388 0.44090328 0.6522872
0.8945161 0.378871 0.31609035
1.0260714 0.7287858 0.6490893
2.412903 1.3882579 2.6922581
2.2319999 2.2116 1.67721
3.313871 2.962548 2.142868
2.7786667 3.4418666 0.42032668
3.4229033 3.5175483 0.45086774
3.8064518 3.1637099 0.32428387
2.6816669 2.4856331 0.16451666
2.9341938 1.6615483 0.99261296
2.4586666 0.91236675 1.21604
1.244839 0.44090328 1.2633387
1.4687096 0.378871 0.55353546
0.40862072 0.73862076 0.7589621
2.1354837 1.4140643 2.2968674
1.1006665 2.2386 0.95233655
5.123225 2.9834836 1.9819453
3.5820003 3.4512 1.9284065
1.4948386 3.5127099 0.3015387
2.0612903 3.1458387 0.17335162
2.7276666 2.4597664 0.31872663
1.6570967 1.6345805 0.14626774
3.3006663 0.8915668 2.1448832
2.3880646 0.43180653 1.3000032
0.77903223 0.378871 0.45406133
0.67535716 0.7287858 0.26971787
0.58451617 1.3882579 0.5568258
3.4806664 2.2116 2.62451
2.2564516 2.962548 1.0365163
4.162 3.4418666 0.36364666
3.039032 3.5175483 0.19822259
1.6800001 3.1637099 0.22958708
0.9420001 2.4856331 0.061060004
1.8280641 1.6615483 0.073438704
3.3790002 0.91236675 1.8712934
3.227097 0.44090328 1.4641032
0.5812903 0.378871 0.43556777
2.130357 0.7287858 1.8145572
1.0009677 1.3882579 1.5168356
1.8350002 2.2116 3.9037101
2.7664514 2.962548 1.368029
1.359 3.4418666 0.49578
3.7109678 3.5175483 0.17325485
2.6929033 3.1637099 0.1119258
2.7743332 2.4856331 0.10609333
3.3545163 1.6615483 1.2861872
2.9506662 0.91236675 3.4953573
2.2022576 0.44090328 1.1717193
1.006129 0.378871 0.40644196
3.4060714 0.7287858 2.2210143
1.4064517 1.3882579 3.4303224
1.2509999 2.2116 2.92809
2.101613 2.962548 1.9229516
2.1136668 3.4418666 0.40230998
2.2770967 3.5175483 0.10640968
1.4012904 3.1637099 0.074074194
3.3643334 2.4856331 0.95365334
1.5687096 1.6615483 0.31981608
1.3890002 0.91236675 0.49929002
2.443226 0.44090328 1.4858968
1.3399999 0.378871 1.1017678
2.5648277 0.73862076 0.32483104
1.8658066 1.4140643 4.5481524
1.9773333 2.2386 2.8917334
4.0587096 2.9834836 2.158387
8.945333 3.4512 7.898457
1.9170969 3.5127099 1.551374
1.4458066 3.1458387 0.194829
2.0666666 2.4597664 0.11268665
1.6300001 1.6345805 0.12977096
4.2086663 0.8915668 1.9511402
2.6987095 0.43180653 2.9381096
1.0648386 0.378871 0.76908714
1.7689285 0.7287858 1.5367072
1.8954839 1.3882579 3.1017904
2.7823334 2.2116 2.3487203
2.6883874 2.962548 1.7542741
2.5579996 3.4418666 0.8634868
2.736774 3.5175483 0.42610317
2.8490324 3.1637099 0.5131548
3.1546667 2.4856331 0.43866667
2.7735484 1.6615483 0.44194517
1.524 0.91236675 0.7771633
3.0180647 0.44090328 3.2231674
1.763871 0.378871 1.7084678
1.7824999 0.7287858 1.4594108
3.110645 1.3882579 2.141913
2.46 2.2116 2.6851435
2.5061293 2.962548 1.0523549
4.5283337 3.4418666 0.39418
1.8193549 3.5175483 0.62838054
2.5596774 3.1637099 0.13137096
3.3143327 2.4856331 0.3009366
0.8193549 1.6615483 0.22437741
2.707 0.91236675 0.80846
2.732258 0.44090328 1.8761873
1.3603225 0.378871 1.7451352
2.5796428 0.7287858 2.2840748
1.8245164 1.3882579 1.6776419
0.97000015 2.2116 0.89434665
3.8190317 2.962548 1.4006611
4.118334 3.4418666 1.7243332
3.830645 3.5175483 0.44587097
3.649677 3.1637099 0.15517418
6.068333 2.4856331 3.5682702
2.0135484 1.6615483 1.5184225
1.7973332 0.91236675 0.94805676
2.4809675 0.44090328 1.3657935
2.3029032 0.378871 1.3309191
2.2451725 0.73862076 2.6821728
2.4512908 1.4140643 1.8752292
1.7170001 2.2386 1.0020934
3.2658064 2.9834836 1.1941385
5.193666 3.4512 1.2699702
2.4441934 3.5127099 0.47276774
2.11129 3.1458387 0.776429
2.2143333 2.4597664 0.22086334
4.1022587 1.6345805 1.4436064
0.8123333 0.8915668 0.65909666
1.0025805 0.43180653 0.52899027
0.7932258 0.378871 0.23903874
1.1203573 0.7287858 0.95070714
2.4709678 1.3882579 2.5565352
1.817 2.2116 1.5511466
1.6335484 2.962548 0.7100032
3.7629998 3.4418666 0.33773
4.1664515 3.5175483 0.29410648
3.7770967 3.1637099 0.15092583
5.6949997 2.4856331 0.5245633
2.5406458 1.6615483 2.1708193
3.5760002 0.91236675 5.5497227
2.9196773 0.44090328 3.876309
4.098387 0.378871 3.9338095
0.917143 0.7287858 1.1401535
1.1932257 1.3882579 6.6429706
1.798 2.2116 4.2797565
3.6583872 2.962548 3.9494355
2.032333 3.4418666 0.8946867
2.546129 3.5175483 0.30556774
3.5674188 3.1637099 0.70840317
1.9486663 2.4856331 0.46030667
2.399032 1.6615483 0.5605646
1.0280001 0.91236675 0.5559567
3.0129032 0.44090328 0.97593874
3.7925808 0.378871 4.2931647
1.5014286 0.7287858 0.9949537
1.5858065 1.3882579 7.119776
1.9749999 2.2116 2.2796369
2.268387 2.962548 0.9565839
2.2046669 3.4418666 0.48271003
3.1419353 3.5175483 0.22108065
1.6825805 3.1637099 0.18419677
4.1253333 2.4856331 0.36453
3.3777416 1.6615483 2.0014
3.1479995 0.91236675 2.5252302
1.663871 0.44090328 1.8821418
0.5635484 0.378871 0.7392226
0.7751725 0.73862076 0.48594484
4.322581 1.4140643 4.3305774
2.7206664 2.2386 4.4960265
1.1561291 2.9834836 1.0145129
2.865333 3.4512 0.14092666
1.4070969 3.5127099 0.16292582
1.4235487 3.1458387 0.09352258
1.2833331 2.4597664 0.06842999
2.6041937 1.6345805 0.32237414
1.5630001 0.8915668 0.10264998
1.6448388 0.43180653 0.20427424
0.9174194 0.378871 0.07480001
4.0246425 0.7287858 5.6524286
0.85548395 1.3882579 0.785684
2.8723333 2.2116 1.3399366
2.548065 2.962548 1.3623968
3.581 3.4418666 2.0708601
3.2138708 3.5175483 0.35691935
1.9064517 3.1637099 0.14230645
2.5000002 2.4856331 0.12190003
4.9167743 1.6615483 0.69247097
1.4063333 0.91236675 0.78924
1.1103224 0.44090328 0.6621645
2.468387 0.378871 0.7159546
1.3582143 0.7287858 1.6859359
1.6467743 1.3882579 3.7175028
1.0323334 2.2116 2.527973
2.7116134 2.962548 0.82213867
6.1529994 3.4418666 4.34895
2.2690325 3.5175483 0.30525488
1.323226 3.1637099 0.1546742
2.2493336 2.4856331 0.47535998
0.9906451 1.6615483 0.13116129
2.9326665 0.91236675 0.13201664
1.2990323 0.44090328 0.15909354
0.9770969 0.378871 0.33576128
1.0857143 0.7287858 1.1933357
2.5225809 1.3882579 2.250223
3.431 2.2116 4.9811473
2.6093545 2.962548 2.585558
4.1843333 3.4418666 1.3215802
1.4348388 3.5175483 0.44374532
2.372903 3.1637099 0.220687
1.3236667 2.4856331 0.1428
1.897097 1.6615483 0.12786129
3.4940002 0.91236675 0.76343
2.904516 0.44090328 3.3266995
0.7312904 0.378871 0.32833874
2.7779312 0.73862076 4.682534
1.998387 1.4140643 1.9209354
3.5420003 2.2386 7.116576
5.3383875 2.9834836 4.054345
3.9863336 3.4512 1.0310866
3.63129 3.5127099 1.1074065
4.2283874 3.1458387 0.8702839
1.2926668 2.4597664 0.27258003
2.0354838 1.6345805 0.16887422
2.0819998 0.8915668 0.5466
2.05 0.43180653 2.3531065
0.8129032 0.378871 0.84085155
1.1228571 0.7287858 1.3098536
3.034194 1.3882579 1.8968065
0.7710001 2.2116 1.4612865
2.4451613 2.962548 0.4603419
2.3930001 3.4418666 0.43952662
2.7038708 3.5175483 0.25766128
2.222903 3.1637099 0.24330977
1.9403332 2.4856331 0.17166334
1.6132256 1.6615483 0.13573867
4.7320004 0.91236675 1.4351566
1.4399997 0.44090328 1.3203032
1.5358064 0.378871 1.5203356
2.2317858 0.7287858 2.431043
1.717742 1.3882579 4.131081
2.4976668 2.2116 2.455047
1.9283873 2.962548 0.72626436
4.5403333 3.4418666 2.341044
3.8477414 3.5175483 0.39782256
2.6277413 3.1637099 0.2649677
2.44 2.4856331 0.2097667
2.1061294 1.6615483 0.32683873
2.4573333 0.91236675 2.1900134
1.5745163 0.44090328 2.232361
1.4029034 0.378871 1.0226903
0.6875 0.7287858 0.57271445
1.3132256 1.3882579 2.326113
3.2736669 2.2116 4.282176
1.5574193 2.962548 0.6306063
4.1460004 3.4418666 0.8006701
3.1664512 3.5175483 1.0853964
2.630323 3.1637099 0.17831935
4.4466662 2.4856331 0.27042
1.8864515 1.6615483 0.486371
1.715 0.91236675 0.58220994
1.2729032 0.44090328 1.034713
0.5674194 0.378871 0.5582194
1.8593103 0.73862076 1.4879414
1.2345163 1.4140643 2.177713
2.022 2.2386 1.06481
3.1980646 2.9834836 2.8863351
1.1946667 3.4512 0.42152673
4.0096774 3.5127099 0.16261615
2.5090322 3.1458387 0.24149357
1.4206669 2.4597664 0.20253667
1.8522582 1.6345805 0.16847745
1.898 0.8915668 0.43316665
1.0170968 0.43180653 0.30621615
0.693871 0.378871 0.37765163
1.5271428 0.7287858 0.36597496
2.918387 1.3882579 2.0037322
0.961 2.2116 1.9548732
5.366775 2.962548 4.7217097
6.5590005 3.4418666 4.6260667
2.3364518 3.5175483 0.48595488
1.6016127 3.1637099 0.1812226
2.5763335 2.4856331 0.19296665
2.5 1.6615483 0.6193225
1.814 0.91236675 0.76705664
0.85032254 0.44090328 0.38677743
1.8690323 0.378871 0.9166291
2.7478569 0.7287858 3.1923032
0.7629032 1.3882579 1.1070807
1.8666666 2.2116 2.232307
3.000322 2.962548 1.4227645
1.6543334 3.4418666 0.5654101
2.8838716 3.5175483 1.1648967
1.9151611 3.1637099 0.43058386
2.4433331 2.4856331 1.0532733
4.0393543 1.6615483 4.7892056
1.078 0.91236675 1.503577
2.6070967 0.44090328 3.7724617
1.4148386 0.378871 2.298794
1.1492856 0.7287858 2.419643
2.3016129 1.3882579 3.1958485
2.3053331 2.2116 1.8442732
1.0183872 2.962548 0.7116967
0.6943333 3.4418666 0.13673995
2.3777418 3.5175483 0.10720971
2.36 3.1637099 0.09989032
2.02 2.4856331 0.09250332
1.4035485 1.6615483 0.12041935
2.2316666 0.91236675 0.37165338
2.223871 0.44090328 0.7897096
1.5377419 0.378871 1.7047418
1.0524138 0.73862076 0.66239995
2.5322578 1.4140643 3.1469548
2.7206664 2.2386 3.5594933
2.0503225 2.9834836 0.83594847
1.9003332 3.4512 1.1181933
6.0529027 3.5127099 1.0794517
3.0429032 3.1458387 1.4397709
3.474 2.4597664 0.65007657
1.9316127 1.6345805 0.57864195
2.999667 0.8915668 2.3721232
2.0996773 0.43180653 2.0970547
1.6558064 0.378871 2.6184967
1.2382144 0.7287858 0.57695717
3.1916127 1.3882579 1.7877486
4.9420004 2.2116 14.973394
1.2083871 2.962548 1.4709226
2.3493335 3.4418666 0.27983668
1.5112906 3.5175483 0.12656775
2.5777419 3.1637099 0.103377424
3.9346669 2.4856331 0.22184332
2.0212903 1.6615483 0.356171
3.5146668 0.91236675 2.13324
1.273226 0.44090328 1.5267129
2.210645 0.378871 0.8314806
1.5632143 0.7287858 2.0876892
3.261613 1.3882579 5.5274873
2.985667 2.2116 5.3744435
2.1870968 2.962548 0.75495493
5.3346677 3.4418666 2.27031
2.4158065 3.5175483 2.247555
6.339677 3.1637099 5.7549357
1.614 2.4856331 0.8268034
1.3283873 1.6615483 0.5811774
2.9956665 0.91236675 1.1303698
1.5070969 0.44090328 2.0860033
2.4116127 0.378871 2.7367866
1.0221429 0.7287858 0.8198357
0.75709677 1.3882579 1.7837098
2.1389997 2.2116 1.77661
1.7916131 2.962548 0.6645033
1.9976667 3.4418666 0.3982533
1.8609679 3.5175483 0.18249999
1.5970967 3.1637099 0.13167097
1.8313336 2.4856331 0.11804996
5.8254843 1.6615483 1.7626776
2.7716668 0.91236675 1.9574004
1.226129 0.44090328 1.0818
3.241613 0.378871 5.6313324
1.5527586 0.73862076 2.2985966
1.7767742 1.4140643 2.6506064
4.293999 2.2386 3.08305
3.3848388 2.9834836 3.81849
2.8530002 3.4512 0.41153002
2.370645 3.5127099 0.40507102
2.0022578 3.1458387 0.18822902
5.475667 2.4597664 1.2721733
3.4790325 1.6345805 3.0878582
4.0496664 0.8915668 4.5391803
2.4829028 0.43180653 4.5367746
1.0 0.378871 0.97922575
1.7132143 0.7287858 1.5902607
2.7409678 1.3882579 2.9890158
1.0746667 2.2116 1.1577201
2.1283872 2.962548 0.8034323
3.4250002 3.4418666 0.6361366
2.4638708 3.5175483 0.20801608
2.3574195 3.1637099 0.16081613
3.4126663 2.4856331 0.24656668
0.84290326 1.6615483 0.2331
3.6846664 0.91236675 2.0571134
1.5751613 0.44090328 1.2500451
3.0951614 0.378871 3.8763068
2.3789287 0.7287858 3.5305002
1.8893547 1.3882579 3.6412058
3.557667 2.2116 3.6787698
3.53 2.962548 3.4040713
5.510667 3.4418666 1.1645467
2.000645 3.5175483 0.80831945
1.3648387 3.1637099 0.104187086
1.6356667 2.4856331 0.09873
2.1390321 1.6615483 0.11381937
0.72099984 0.91236675 0.13663667
1.0351613 0.44090328 0.11923868
3.4751613 0.378871 2.2145033
0.74821436 0.7287858 1.4284642
2.1254835 1.3882579 3.3433769
2.2633333 2.2116 2.6162734
1.2454838 2.962548 0.46151608
1.7556669 3.4418666 0.14464
2.9558065 3.5175483 0.119870976
1.7951615 3.1637099 0.10657096
5.0146666 2.4856331 0.48761997
1.303871 1.6615483 0.38326767
2.6206667 0.91236675 0.84099
1.3248389 0.44090328 1.3893965
1.657742 0.378871 0.87485147
1.9434482 0.73862076 2.7060342
1.4974195 1.4140643 2.8946354
3.629 2.2386 4.862737
3.3619359 2.9834836 1.9199837
4.2986665 3.4512 1.2011034
1.582258 3.5127099 0.23011614
2.3896773 3.1458387 0.14243552
2.4616666 2.4597664 0.10334663
2.283871 1.6345805 0.17581613
1.4816668 0.8915668 0.14565998
1.3519355 0.43180653 0.45120323
0.78516126 0.378871 0.31597733
0.705 0.7287858 0.51306075
3.3387094 1.3882579 1.6290741
1.602 2.2116 4.1270866
1.9758065 2.962548 0.4474645
2.8333333 3.4418666 0.56441337
1.5164516 3.5175483 0.2849452
2.7970967 3.1637099 0.13645804
3.3339999 2.4856331 0.7987766
1.5067742 1.6615483 0.33077416
2.0390003 0.91236675 0.30622005
1.5012903 0.44090328 1.3686583
