1.7951614 0.34058067 1.119087
1.9672415 0.70803446 2.614714
3.4732263 1.4148062 2.8974996
5.617333 2.2873 5.9617934
3.4403224 3.083387 2.6062937
6.052 3.592 1.3759965
3.4503226 3.6729355 1.3094643
2.6499999 3.2987418 0.48799357
1.087 2.5806665 0.15688333
2.7974193 1.7072908 0.25885484
3.2556665 0.91306657 0.79765344
3.8654847 0.412871 2.9424744
3.9403229 0.34058067 4.5453835
2.6839287 0.6977857 3.093432
2.0925808 1.3876773 2.0069711
2.524 2.2585666 2.4098237
2.441613 3.0608706 0.7998097
1.1889999 3.5816333 0.24700664
4.919032 3.6775484 0.3762032
2.1590323 3.3172581 0.19154517
1.8176666 2.6079333 0.14172667
1.5109677 1.7359358 0.1406645
1.4633334 0.9354666 0.24470332
2.6841936 0.42296776 1.7257711
4.9922576 0.34058067 4.134313
3.7264287 0.6977857 4.1874323
3.5003226 1.3876773 3.8972132
2.4570003 2.2585666 2.0726702
2.7596772 3.0608706 1.6650645
3.0063334 3.5816333 1.1020834
4.199355 3.6775484 0.9426871
3.510968 3.3172581 0.79669684
2.9449997 2.6079333 1.3029298
3.0077422 1.7359358 1.4807128
7.019334 0.9354666 3.39168
2.6654842 0.42296776 3.1543288
4.094516 0.34058067 5.2472706
2.537857 0.6977857 4.607932
3.7922578 1.3876773 3.4068873
4.697667 2.2585666 4.2431197
2.6800003 3.0608706 1.9291804
5.934334 3.5816333 1.5540601
4.308064 3.6775484 1.1287065
1.2251613 3.3172581 0.32549354
2.183 2.6079333 0.18588333
1.0525806 1.7359358 0.15657744
3.1249998 0.9354666 0.67248327
3.4380646 0.42296776 1.8835291
4.393549 0.34058067 5.7657843
1.9855171 0.70803446 2.008548
3.3441937 1.4148062 3.515768
3.9183338 2.2873 3.3844333
5.675483 3.083387 3.7646325
1.4260001 3.592 0.5295566
2.142903 3.6729355 0.20922904
3.5258067 3.2987418 0.27245808
1.7999998 2.5806665 0.15777667
1.1945161 1.7072908 0.12599356
2.968333 0.91306657 0.35902998
2.3719354 0.412871 1.0738225
2.9793546 0.34058067 2.3622
2.22 0.6977857 2.1488967
3.715484 1.3876773 3.0745745
3.4443333 2.2585666 2.8213632
6.661613 3.0608706 3.4037678
2.8613334 3.5816333 2.2331698
3.5790322 3.6775484 0.37153873
2.288387 3.3172581 0.47605163
2.636 2.6079333 0.16792002
1.031613 1.7359358 0.12530324
1.2406667 0.9354666 0.13901666
1.9935484 0.42296776 0.45439354
2.2232258 0.34058067 1.306071
1.7910713 0.6977857 1.2476965
4.2783875 1.3876773 3.5838647
3.3316667 2.2585666 2.4124434
2.1916127 3.0608706 1.2091289
4.459 3.5816333 1.1333966
3.097097 3.6775484 0.4259355
4.354839 3.3172581 0.5725065
2.8926668 2.6079333 0.27831668
6.027742 1.7359358 2.3517132
1.829 0.9354666 1.2500433
3.7199998 0.42296776 3.6504068
1.3461288 0.34058067 2.032239
2.665714 0.6977857 2.2250323
4.321613 1.3876773 4.627955
3.2563334 2.2585666 2.01085
1.4670967 3.0608706 0.6439
3.467667 3.5816333 1.1901066
2.8683872 3.6775484 0.25098708
4.4577427 3.3172581 0.2714903
2.4083333 2.6079333 0.20064002
3.9512906 1.7359358 0.90268075
2.5953336 0.9354666 1.6816367
0.41032258 0.42296776 0.77250963
1.5345162 0.34058067 0.3258871
5.1134486 0.70803446 4.8943686
4.1429033 1.4148062 4.393284
3.7283332 2.2873 3.6975098
4.912258 3.083387 4.052926
3.901333 3.592 1.7719632
6.6451607 3.6729355 4.005229
5.361935 3.2987418 2.5580218
2.9696667 2.5806665 0.81361336
1.8677418 1.7072908 0.60388714
1.5243335 0.91306657 0.85597986
3.7351613 0.412871 2.9515162
2.168387 0.34058067 2.0040743
2.3564284 0.6977857 2.8445747
1.8861289 1.3876773 1.7819291
4.8226666 2.2585666 5.1747737
2.0067742 3.0608706 1.055942
4.765666 3.5816333 0.47877997
1.8261291 3.6775484 0.23972581
1.4919354 3.3172581 0.15433548
2.2790003 2.6079333 0.12295333
2.0083869 1.7359358 0.14385481
1.696 0.9354666 0.20614667
3.5219355 0.42296776 1.562884
2.8635483 0.34058067 1.0947968
1.652857 0.6977857 0.812475
1.6864514 1.3876773 2.889942
2.7336664 2.2585666 3.2328732
3.5870972 3.0608706 2.8540945
3.5143332 3.5816333 0.52394664
6.642903 3.6775484 1.641084
4.0687094 3.3172581 1.8641062
3.5063334 2.6079333 0.74185336
1.2429034 1.7359358 0.40854517
2.9666665 0.9354666 1.17887
0.9106452 0.42296776 0.8431225
3.1567738 0.34058067 2.890713
2.709286 0.6977857 3.0275004
2.3745162 1.3876773 2.5555935
4.318 2.2585666 3.6579528
2.3919353 3.0608706 1.9644419
2.7440002 3.5816333 0.38954332
3.8 3.6775484 0.25245485
3.6793547 3.3172581 0.19854838
1.1049999 2.6079333 0.124253355
4.634194 1.7359358 0.6584612
3.0076666 0.9354666 1.3877336
2.4548385 0.42296776 2.4940195
2.3877418 0.34058067 2.3661873
2.8068957 0.70803446 1.948738
1.7787097 1.4148062 2.3006194
1.5996668 2.2873 2.701913
6.6619353 3.083387 3.865552
2.7249997 3.592 1.3839303
4.370322 3.6729355 0.51150656
1.232258 3.2987418 0.23419034
3.7173336 2.5806665 0.4194434
1.7706451 1.7072908 0.19786453
1.1806667 0.91306657 0.40720662
1.7132258 0.412871 0.2183581
1.6170969 0.34058067 0.4610936
3.6567857 0.6977857 4.6065326
3.9732258 1.3876773 4.075068
4.37 2.2585666 4.2218432
2.5148387 3.0608706 2.2498193
4.0656667 3.5816333 1.38292
3.8106449 3.6775484 0.8587548
2.5193548 3.3172581 0.7332677
1.8586668 2.6079333 0.34537336
1.9554839 1.7359358 0.17628387
3.4766667 0.9354666 0.9134868
2.2003229 0.42296776 1.2313644
2.5161288 0.34058067 1.8615806
3.4474998 0.6977857 2.2481644
2.9235485 1.3876773 3.7292573
3.4169998 2.2585666 4.283467
2.3154838 3.0608706 1.118397
2.3666666 3.5816333 0.33182666
2.3280647 3.6775484 0.23078713
2.0251615 3.3172581 0.1935871
5.2323337 2.6079333 0.5775367
2.101613 1.7359358 0.61242574
1.4109999 0.9354666 0.9704933
2.0264518 0.42296776 0.4827645
1.4748387 0.34058067 1.4735258
2.1392856 0.6977857 0.4947001
4.11 1.3876773 6.3749185
2.1876667 2.2585666 1.5222335
2.5990322 3.0608706 1.4494325
2.5133333 3.5816333 1.2209232
3.1016128 3.6775484 0.32656455
2.1870966 3.3172581 0.19736779
1.8843334 2.6079333 0.14011002
0.3183871 1.7359358 0.086445175
4.4053335 0.9354666 0.47565004
1.7706453 0.42296776 0.6385646
2.656452 0.34058067 1.7212194
2.0855174 0.70803446 0.6957828
4.494839 1.4148062 7.2017193
5.3393335 2.2873 4.0355463
0.80225813 3.083387 1.0870259
3.806667 3.592 0.3927533
3.7219348 3.6729355 0.30354515
2.4664514 3.2987418 0.32102895
1.3493332 2.5806665 0.09875668
0.9706452 1.7072908 0.115222596
2.5126665 0.91306657 0.2597733
3.3603227 0.412871 1.5453098
4.117098 0.34058067 3.3552096
2.2735715 0.6977857 2.202336
3.702903 1.3876773 3.248845
2.360667 2.2585666 2.4821002
2.042903 3.0608706 0.9512419
1.5656666 3.5816333 0.27171
1.5999999 3.6775484 0.1497774
3.9506447 3.3172581 0.15065807
2.4586668 2.6079333 0.22483331
3.0741935 1.7359358 0.4944193
2.3303332 0.9354666 0.7738666
0.88322574 0.42296776 0.6668257
2.899032 0.34058067 1.3861969
3.6149998 0.6977857 3.2772143
1.3574196 1.3876773 2.3604548
4.1443334 2.2585666 2.6163766
3.869677 3.0608706 3.7101257
0.76799995 3.5816333 0.37699664
2.0354838 3.6775484 0.18202583
3.1500003 3.3172581 0.16397098
3.667 2.6079333 0.18829998
1.1374195 1.7359358 0.26030645
3.878333 0.9354666 0.8381967
1.7480646 0.42296776 1.6377774
1.201613 0.34058067 0.7008355
2.333214 0.6977857 1.677643
5.253871 1.3876773 6.03018
3.2036667 2.2585666 2.4678502
3.8051617 3.0608706 2.509748
1.0860001 3.5816333 0.41935673
4.8106465 3.6775484 0.5568677
3.975484 3.3172581 0.63768387
3.9156663 2.6079333 0.93857
2.2974193 1.7359358 1.1925095
2.4403336 0.9354666 1.6271267
2.1919353 0.42296776 1.6108676
1.7558063 0.34058067 1.0995549
0.7072413 0.70803446 1.8296416
2.6609678 1.4148062 2.4775069
1.1749998 2.2873 1.1058967
5.822581 3.083387 3.4347582
2.5423334 3.592 1.0945566
2.2438712 3.6729355 0.3991226
3.454516 3.2987418 0.35531613
2.3026667 2.5806665 0.33645335
2.0503228 1.7072908 0.1926129
3.2486665 0.91306657 1.4362133
3.2490325 0.412871 1.8623515
2.1177418 0.34058067 2.0079613
0.73107135 0.6977857 1.4237355
0.9632258 1.3876773 0.8161291
2.9583333 2.2585666 2.3230066
2.3903227 3.0608706 1.4285481
3.6070006 3.5816333 0.5607799
5.025161 3.6775484 0.6156387
2.360968 3.3172581 0.86264837
1.5926665 2.6079333 0.26115665
2.4599998 1.7359358 0.35191286
3.1120002 0.9354666 1.1479566
3.8870966 0.42296776 1.4605097
1.4490322 0.34058067 1.6318516
2.0014288 0.6977857 2.8499503
2.558065 1.3876773 3.1607387
3.8226662 2.2585666 5.186307
3.5180647 3.0608706 2.121413
3.6863327 3.5816333 0.94891
3.8825808 3.6775484 0.71208704
4.813226 3.3172581 0.80718064
2.3776665 2.6079333 0.99599
3.2806451 1.7359358 1.0242773
3.527333 0.9354666 2.5447266
3.583226 0.42296776 3.5998867
2.6748393 0.34058067 1.8734225
4.4225 0.6977857 4.8651824
2.3519359 1.3876773 4.201726
0.9279998 2.2585666 1.5682133
2.836774 3.0608706 1.3283066
2.4983332 3.5816333 0.37207335
4.232258 3.6775484 0.40572256
3.0306451 3.3172581 0.47770318
4.729666 2.6079333 1.5128033
1.4399999 1.7359358 0.5847548
2.0046666 0.9354666 0.78691345
3.0280643 0.42296776 3.3344097
2.3770967 0.34058067 2.9112973
3.1993105 0.70803446 0.9843309
2.3751614 1.4148062 5.5946264
4.462333 2.2873 4.1117268
2.526774 3.083387 1.0656645
9.387999 3.592 7.363986
2.8222587 3.6729355 1.6250547
1.9825807 3.2987418 0.32064515
4.6569996 2.5806665 1.0333368
1.7306448 1.7072908 0.60203546
4.65 0.91306657 2.80157
3.6977422 0.412871 4.9501514
1.9774195 0.34058067 1.4275707
2.4532144 0.6977857 2.2583647
2.6767735 1.3876773 3.2017422
4.340333 2.2585666 3.1615202
3.9596777 3.0608706 2.581239
3.8873336 3.5816333 1.5527534
3.6364515 3.6775484 0.87945163
2.6390321 3.3172581 1.0177677
3.8379998 2.6079333 0.7457567
3.1812906 1.7359358 1.1132517
2.966 0.9354666 2.17104
3.4248393 0.42296776 3.0668163
3.3999996 0.34058067 3.862242
1.600357 0.6977857 1.3730785
4.1758065 1.3876773 3.0875032
2.889333 2.2585666 2.5362928
4.1593547 3.0608706 1.8900353
4.4676666 3.5816333 1.0322301
1.8393548 3.6775484 0.7891032
3.404193 3.3172581 0.4129097
4.179 2.6079333 1.1415333
1.0612903 1.7359358 0.43661937
2.1573334 0.9354666 0.8922034
4.020323 0.42296776 3.0132933
3.3035486 0.34058067 3.818629
3.7532141 0.6977857 4.568686
3.252581 1.3876773 2.9377193
2.5833335 2.2585666 1.8188332
3.5596771 3.0608706 2.2979
4.7516656 3.5816333 1.9619668
2.0387099 3.6775484 0.49790004
4.742258 3.3172581 0.5018774
4.9453335 2.6079333 2.9343734
2.4699998 1.7359358 2.0827515
1.9570001 0.9354666 1.2609735
2.9096773 0.42296776 1.6669129
3.0025802 0.34058067 2.139665
2.407586 0.70803446 4.4602513
3.0725803 1.4148062 2.223197
1.5466666 2.2873 1.1521733
2.4283864 3.083387 0.69333875
4.1946664 3.592 0.67108005
3.3487096 3.6729355 0.85506445
3.0667744 3.2987418 0.8917806
4.191333 2.5806665 0.4943367
5.0883875 1.7072908 2.635629
0.80266666 0.91306657 0.94360006
1.9693547 0.412871 1.3679483
1.3632258 0.34058067 0.4618905
1.8460714 0.6977857 2.0368073
4.553548 1.3876773 4.660784
3.7586663 2.2585666 3.243606
1.5141938 3.0608706 0.88789696
3.330333 3.5816333 0.50115997
8.179677 3.6775484 4.5820994
3.6793547 3.3172581 2.0386517
3.8629994 2.6079333 0.79403996
2.7029033 1.7359358 1.3840613
3.160333 0.9354666 1.5345765
2.6080647 0.42296776 3.1380162
4.880323 0.34058067 3.7005162
0.74214286 0.6977857 1.5356857
1.8674192 1.3876773 6.3443074
2.4576666 2.2585666 2.5872836
5.264516 3.0608706 3.9095547
4.2800007 3.5816333 1.3546166
2.5783873 3.6775484 0.4874226
3.5054843 3.3172581 0.45779353
2.484 2.6079333 0.36737004
2.6577418 1.7359358 0.5823161
1.7010001 0.9354666 0.5896867
4.589032 0.42296776 2.2939193
4.102258 0.34058067 3.7629747
2.8721428 0.6977857 1.3304999
2.9474196 1.3876773 6.509429
3.0193336 2.2585666 2.5518568
3.7967744 3.0608706 1.8891644
1.9769999 3.5816333 0.86982334
5.0361295 3.6775484 1.0450644
3.5141933 3.3172581 1.130055
4.5959997 2.6079333 1.2832565
3.343871 1.7359358 2.5078099
3.2509997 0.9354666 2.2358832
1.7070967 0.42296776 1.5384096
1.0764515 0.34058067 0.92441946
1.3979312 0.70803446 0.65778273
5.100323 1.4148062 3.8457355
3.2689998 2.2873 3.811324
3.6093545 3.083387 2.4067805
3.7016666 3.592 1.2763332
5.5148396 3.6729355 1.0566356
3.9203227 3.2987418 1.8785708
2.017667 2.5806665 0.46502665
2.4370966 1.7072908 0.59523547
2.5670002 0.91306657 1.0507933
1.4419357 0.412871 1.3729936
0.72548395 0.34058067 0.48090965
4.7746425 0.6977857 5.0845428
1.6890322 1.3876773 1.6846968
4.3153334 2.2585666 2.7862067
2.6993546 3.0608706 1.8316548
5.5073338 3.5816333 1.9297537
3.8996778 3.6775484 1.0504967
1.7625806 3.3172581 0.42496133
3.0366664 2.6079333 0.53227335
3.8980644 1.7359358 1.2137837
1.448 0.9354666 1.0585133
2.350968 0.42296776 1.4501195
3.9148388 0.34058067 1.2833291
2.0407145 0.6977857 3.5569324
3.334194 1.3876773 5.0507774
1.4930001 2.2585666 1.8893932
4.0009675 3.0608706 1.2851806
4.1160007 3.5816333 2.0754867
3.287097 3.6775484 0.8168033
2.4303226 3.3172581 0.40669996
2.4883335 2.6079333 0.33474007
0.91193545 1.7359358 0.2609968
3.685 0.9354666 0.90686
1.9251611 0.42296776 1.361429
1.235484 0.34058067 0.67459357
1.1675001 0.6977857 1.5076287
2.7374194 1.3876773 1.9600774
4.4503336 2.2585666 3.2296634
4.618709 3.0608706 3.0126195
5.544667 3.5816333 2.4389431
1.3335484 3.6775484 0.6662388
2.3816128 3.3172581 0.26108384
2.5046663 2.6079333 0.22182332
2.7490323 1.7359358 0.31160638
3.9226668 0.9354666 1.28526
3.6296775 0.42296776 2.3247097
1.4441936 0.34058067 1.2539097
2.9034483 0.70803446 4.5323143
2.761613 1.4148062 2.517423
3.9579997 2.2873 3.8990495
4.0558066 3.083387 2.9139192
4.490667 3.592 2.05772
3.303871 3.6729355 1.8293226
5.689355 3.2987418 1.7496741
1.1546665 2.5806665 0.33644
2.2790322 1.7072908 0.34132257
3.2889998 0.91306657 1.3054334
3.2361286 0.412871 3.0907164
1.7625805 0.34058067 1.1286936
1.9478571 0.6977857 2.8552215
5.884193 1.3876773 4.215619
1.3346666 2.2585666 2.7735734
4.8503227 3.0608706 1.2419646
2.2379997 3.5816333 0.91769993
3.681936 3.6775484 0.6158322
2.451613 3.3172581 0.28993228
1.369 2.6079333 0.3060333
1.9451613 1.7359358 0.19833553
8.306668 0.9354666 4.119163
2.4412901 0.42296776 1.8728452
2.688064 0.34058067 1.7151967
3.987857 0.6977857 4.7027817
2.4974194 1.3876773 3.080606
2.6256664 2.2585666 1.7416534
2.0816128 3.0608706 0.62826765
4.832334 3.5816333 1.9754201
4.64871 3.6775484 1.4013485
2.59 3.3172581 0.48868063
3.3456664 2.6079333 0.44313335
3.5635474 1.7359358 1.7863966
5.074667 0.9354666 3.725007
2.7083874 0.42296776 2.4630291
2.4696777 0.34058067 1.1801776
0.8967857 0.6977857 0.63448924
2.2187097 1.3876773 2.3895035
3.8446665 2.2585666 3.9068735
3.1174188 3.0608706 1.7853228
4.531333 3.5816333 0.8407034
2.9248383 3.6775484 1.4226195
4.7661285 3.3172581 0.44419357
4.448667 2.6079333 0.9490201
1.6148386 1.7359358 0.6536065
2.3563335 0.9354666 1.0495867
2.4703224 0.42296776 2.1693876
1.4232256 0.34058067 1.5895934
3.3768961 0.70803446 3.6014483
2.3196774 1.4148062 2.555497
2.0973332 2.2873 1.4280899
3.3319354 3.083387 1.7183931
0.985 3.592 0.44664997
2.912258 3.6729355 0.28402582
2.8903224 3.2987418 0.21864514
3.4953334 2.5806665 0.39185333
1.6096774 1.7072908 0.259829
3.6806667 0.91306657 1.2278502
1.7709678 0.412871 0.8968452
2.047097 0.34058067 1.6149422
3.1203573 0.6977857 2.3353713
5.3141937 1.3876773 4.311103
0.9430001 2.2585666 2.3478065
5.5229034 3.0608706 3.5818195
5.452667 3.5816333 2.8441367
3.4041936 3.6775484 1.8385485
1.5312904 3.3172581 0.43651617
3.105 2.6079333 0.4577933
2.3816133 1.7359358 0.50625813
1.7046665 0.9354666 0.9579634
1.4683872 0.42296776 0.6011678
2.9229033 0.34058067 3.214461
2.9053571 0.6977857 3.613929
1.2870969 1.3876773 1.2011582
2.9533334 2.2585666 2.382727
4.390645 3.0608706 2.232242
3.7029998 3.5816333 1.3321465
4.8822575 3.6775484 2.8711777
3.027742 3.3172581 0.6099033
4.464333 2.6079333 0.91639
3.9454834 1.7359358 1.911784
1.5526665 0.9354666 1.2830467
5.485484 0.42296776 4.337819
2.7658067 0.34058067 2.9335415
1.8325001 0.6977857 2.9509315
3.8090322 1.3876773 3.3038259
3.037667 2.2585666 2.28508
1.5390322 3.0608706 1.1386098
2.0496666 3.5816333 0.31266004
3.5783868 3.6775484 0.6569161
1.5054839 3.3172581 0.22147097
2.3289998 2.6079333 0.17876334
1.1170967 1.7359358 0.1736613
2.411 0.9354666 0.3346467
3.102258 0.42296776 1.0962646
1.8999999 0.34058067 1.1659902
1.7603446 0.70803446 1.4014275
3.6551614 1.4148062 2.5820127
2.123 2.2873 2.7842135
2.0403225 3.083387 0.64749676
1.5856668 3.592 0.3457767
6.5087094 3.6729355 1.3693064
3.436129 3.2987418 1.3253872
3.3466668 2.5806665 0.8186367
1.1480646 1.7072908 0.45420325
3.478666 0.91306657 1.8206533
3.8990326 0.412871 2.5146067
2.3935485 0.34058067 3.3547192
2.007857 0.6977857 0.87376785
4.2567744 1.3876773 5.3057523
5.1999993 2.2585666 4.964093
2.0980642 3.0608706 0.9734872
2.506 3.5816333 0.88979995
3.3954837 3.6775484 0.4055322
1.8245162 3.3172581 0.27168065
4.778 2.6079333 0.48198
2.0835483 1.7359358 0.56230646
4.003667 0.9354666 2.9278433
2.167742 0.42296776 2.3843448
3.8825803 0.34058067 1.603687
3.0414288 0.6977857 2.493875
5.612903 1.3876773 7.2743745
3.7930002 2.2585666 4.6687036
3.01 3.0608706 2.0382485
3.0453334 3.5816333 0.76724
2.7119358 3.6775484 0.34988707
6.611935 3.3172581 1.278484
2.4313333 2.6079333 0.7955433
1.1058066 1.7359358 0.5739614
3.9906666 0.9354666 1.5847734
2.5361285 0.42296776 2.4978027
2.2990322 0.34058067 1.8842096
1.8153573 0.6977857 1.1345607
1.290645 1.3876773 2.0007677
2.3796668 2.2585666 1.4587998
3.6541934 3.0608706 1.9791033
4.3680005 3.5816333 0.9912666
2.6325805 3.6775484 0.5996097
1.5312903 3.3172581 0.28061613
1.4226667 2.6079333 0.15416999
4.395807 1.7359358 0.4659516
3.4893336 0.9354666 1.4352168
1.8819354 0.42296776 1.1602578
4.3925805 0.34058067 4.3554835
2.8672414 0.70803446 2.8024516
3.8248389 1.4148062 3.7674513
3.4003334 2.2873 1.86842
3.266129 3.083387 2.5854228
3.5106666 3.592 0.8212367
5.6690326 3.6729355 3.5069227
2.3277419 3.2987418 0.8257419
7.199001 2.5806665 3.4780867
2.815484 1.7072908 1.9122839
3.2733333 0.91306657 2.6999927
3.186774 0.412871 3.6236744
2.171613 0.34058067 1.4134967
1.9078572 0.6977857 3.2559323
4.0648384 1.3876773 3.7655873
1.2133334 2.2585666 1.2707133
4.3080645 3.0608706 2.0458386
2.5223334 3.5816333 1.2699999
1.6593548 3.6775484 0.295871
4.6274195 3.3172581 0.51189995
3.5606663 2.6079333 0.4369133
1.0254838 1.7359358 0.34666455
7.700333 0.9354666 5.1393476
1.8325806 0.42296776 1.9862999
3.1929035 0.34058067 2.9519095
3.827143 0.6977857 2.691325
2.0 1.3876773 2.6584578
6.258666 2.2585666 3.9677966
3.484516 3.0608706 2.5898812
3.292 3.5816333 0.72057015
2.4503226 3.6775484 0.5460871
2.658387 3.3172581 0.31480965
1.933 2.6079333 0.32630336
1.8041934 1.7359358 0.3595032
0.7343334 0.9354666 0.23647334
1.5661292 0.42296776 0.50926775
4.8703227 0.34058067 2.5507517
1.4653574 0.6977857 2.189325
2.5490324 1.3876773 2.3748353
4.1023335 2.2585666 3.1159399
1.3296776 3.0608706 0.6907324
2.3306668 3.5816333 0.34889004
2.3496773 3.6775484 0.28051618
3.365484 3.3172581 0.3186968
3.630667 2.6079333 0.29660666
1.6570967 1.7359358 0.43176448
3.378667 0.9354666 1.0965633
1.6183867 0.42296776 1.1317097
1.3145162 0.34058067 0.7700871
2.5265517 0.70803446 2.2248278
2.6435485 1.4148062 2.3802676
3.7943335 2.2873 2.930453
3.5351615 3.083387 1.1148032
4.1940002 3.592 0.94972664
2.1603227 3.6729355 0.37173232
3.3012905 3.2987418 0.46517417
3.106 2.5806665 0.46462005
2.8767745 1.7072908 1.2529322
2.1076667 0.91306657 0.7647366
2.0199997 0.412871 1.3187871
1.6206452 0.34058067 0.6313806
1.0742857 0.6977857 3.023629
2.817097 1.3876773 2.3432581
2.6836665 2.2585666 2.5510468
2.1709678 3.0608706 0.90917414
3.4216669 3.5816333 0.7151568
1.7429034 3.6775484 0.35151613
3.2370965 3.3172581 0.21951613
2.1933331 2.6079333 0.20415999
1.6574194 1.7359358 0.20339356
2.1723332 0.9354666 0.30432
2.041613 0.42296776 1.1642485