2.1325805 0.6643871 1.3840194
1.4979311 1.141862 1.6269517
3.6680646 1.9630969 1.8796774
3.2259996 2.9254 1.9942935
5.1745157 3.76071 1.7972134
3.8613336 4.247567 0.9360567
2.1803224 4.251452 0.6401193
3.7703228 3.7637093 0.63251925
1.6016668 2.9294 0.20729
3.0896776 1.9671935 0.3452
4.6606665 1.1345999 1.2999734
4.2232256 0.6571613 2.5899
4.515806 0.6643871 3.6565516
2.3678572 1.1296428 2.5190785
1.3467742 1.9323871 1.0281613
2.9359999 2.8944669 1.5894735
3.1532264 3.737839 0.94625473
1.9646667 4.238867 0.38204998
6.5106444 4.2592907 2.9684062
2.661613 3.7861288 0.4037613
2.4036667 2.9602003 0.24211667
2.8367743 1.9980645 0.28478065
1.079 1.1573001 0.34227657
2.4748387 0.6655806 0.86012256
1.8193548 0.6643871 0.63155156
3.015 1.1296428 2.3713858
3.7364516 1.9323871 2.1501646
1.6349999 2.8944669 0.84871674
4.61258 3.737839 1.6112227
2.5089996 4.238867 0.7510367
2.6780648 4.2592907 0.3232258
2.3887098 3.7861288 0.19005808
4.809333 2.9602003 0.7587267
2.4419355 1.9980645 0.5644355
3.1813333 1.1573001 1.0059735
3.432581 0.6655806 2.2324772
2.9367743 0.6643871 1.4793131
2.7314284 1.1296428 3.1676042
2.8619354 1.9323871 1.6042162
2.8286672 2.8944669 1.37184
1.6141936 3.737839 0.66980004
6.686666 4.238867 1.8231701
2.2877421 4.2592907 0.6352741
1.7487096 3.7861288 0.42931616
1.7896667 2.9602003 0.20666668
1.3412901 1.9980645 0.15571932
4.508667 1.1573001 0.5821232
3.9251616 0.6655806 1.3040838
3.527742 0.6643871 3.1648355
1.6993102 1.141862 1.8371693
4.564516 1.9630969 2.849907
6.9219995 2.9254 3.9374
4.3741937 3.76071 2.2933514
2.700667 4.247567 0.9349867
3.3477418 4.251452 0.87531936
4.0074196 3.7637093 0.44175488
3.8996668 2.9294 1.01259
1.0303226 1.9671935 0.24674197
5.5289993 1.1345999 1.6894699
2.6796775 0.6571613 1.6070065
3.661291 0.6643871 2.7745612
2.2217858 1.1296428 1.595939
4.6558065 1.9323871 2.4747384
3.416333 2.8944669 1.6465666
5.5983872 3.737839 1.7713035
1.4263331 4.238867 0.8819035
2.639032 4.2592907 0.37601927
1.7990323 3.7861288 0.31756124
2.2313335 2.9602003 0.23150001
1.3929032 1.9980645 0.1417355
1.5299999 1.1573001 0.19392999
3.439677 0.6655806 0.93134844
1.2009677 0.6643871 0.47823226
1.4257144 1.1296428 0.50773567
3.066774 1.9323871 1.1903936
2.6193335 2.8944669 0.8296366
2.986129 3.737839 0.9526193
1.1019999 4.238867 0.23656999
1.8890322 4.2592907 0.14543226
4.591614 3.7861288 0.2052129
1.4413333 2.9602003 0.14923
3.3945165 1.9980645 0.17992255
1.8773332 1.1573001 0.2899666
2.686774 0.6655806 0.7923032
0.3148387 0.6643871 0.4330452
2.5178573 1.1296428 1.1433572
4.5012903 1.9323871 2.6758423
2.3756669 2.8944669 0.9504667
2.0719357 3.737839 0.4701839
3.9286673 4.238867 0.7830267
1.9525802 4.2592907 0.34162262
8.533227 3.7861288 2.361974
1.5596665 2.9602003 0.55887663
3.7777417 1.9980645 1.0470483
1.3830001 1.1573001 0.57666665
0.11774193 0.6655806 0.28333223
1.7700001 0.6643871 0.32530966
3.6217244 1.141862 2.6606517
3.543226 1.9630969 2.3688154
2.4119997 2.9254 1.6556469
2.2596774 3.76071 0.61939996
2.47 4.247567 0.3952333
5.6780653 4.251452 1.2143
2.382258 3.7637093 0.32381618
3.3636668 2.9294 0.25373667
3.2419355 1.9671935 0.59370315
2.0846665 1.1345999 1.2419235
2.8583872 0.6571613 1.3893484
2.0751612 0.6643871 1.2124774
2.7192857 1.1296428 1.9764856
1.4187096 1.9323871 1.4074194
3.458 2.8944669 1.8120767
1.5580643 3.737839 0.4936774
3.1053336 4.238867 0.36737332
1.3506452 4.2592907 0.19582579
1.3696775 3.7861288 0.11302258
3.4686668 2.9602003 0.17126003
2.4461288 1.9980645 0.2006387
2.5139997 1.1573001 0.41838333
4.485162 0.6655806 2.1859937
3.281613 0.6643871 2.0398514
2.793214 1.1296428 1.1913965
3.7274194 1.9323871 2.9933422
3.4713335 2.8944669 2.3307266
3.2574203 3.737839 2.6573675
3.6153336 4.238867 0.7228167
3.9661295 4.2592907 0.51231277
3.3732257 3.7861288 0.33882904
2.5386665 2.9602003 0.26856333
1.739032 1.9980645 0.27080643
2.3483331 1.1573001 0.4648867
0.7119356 0.6655806 0.32054517
2.0167742 0.6643871 0.6249259
1.7264286 1.1296428 0.91718227
2.200645 1.9323871 1.0344646
3.3413336 2.8944669 1.1835233
2.2390323 3.737839 0.62186116
3.1766667 4.238867 0.48346338
2.52 4.2592907 0.28199038
4.012903 3.7861288 0.3225452
1.7913333 2.9602003 0.12556668
2.9993546 1.9980645 0.18714516
2.0203333 1.1573001 0.23919335
2.4941933 0.6655806 0.7350388
2.0387096 0.6643871 0.99503875
3.320345 1.141862 1.6222621
1.9241935 1.9630969 1.4622838
2.544 2.9254 2.222333
5.0229034 3.76071 1.0232484
3.3040001 4.247567 1.0458468
3.2054842 4.251452 0.42920005
4.1435485 3.7637093 0.47479686
3.2526665 2.9294 0.35898012
1.5393549 1.9671935 0.17979999
1.265 1.1345999 0.2633633
1.5674194 0.6571613 0.18867417
2.4058063 0.6643871 0.7770547
3.470714 1.1296428 3.3199859
3.7838712 1.9323871 2.4103577
4.1759996 2.8944669 3.0416098
2.0687096 3.737839 1.1086774
3.6543329 4.238867 0.49317664
2.9090323 4.2592907 0.2729258
2.3587098 3.7861288 0.20919678
2.0239997 2.9602003 0.30697328
1.392258 1.9980645 0.13848712
2.8129997 1.1573001 0.3157067
2.6067743 0.6655806 0.51540005
1.8112901 0.6643871 1.1422547
3.8128572 1.1296428 1.9104143
2.8893545 1.9323871 3.0935705
2.9163332 2.8944669 1.9030299
2.422581 3.737839 0.49979675
2.1549997 4.238867 0.33912003
2.036774 4.2592907 0.17052905
1.177097 3.7861288 0.12364193
2.4780002 2.9602003 0.10797667
2.4703221 1.9980645 0.19267423
3.8750002 1.1573001 0.77758676
2.211613 0.6655806 0.42820644
1.5983871 0.6643871 0.7477872
1.6017858 1.1296428 0.55738926
3.731613 1.9323871 3.180922
1.5073333 2.8944669 0.52700335
1.6490322 3.737839 0.34198067
4.139333 4.238867 0.6342467
1.7183871 4.2592907 0.20498708
2.4341936 3.7861288 0.09253873
2.055 2.9602003 0.06921334
0.13032258 1.9980645 0.07456129
4.737666 1.1573001 0.27919668
1.656774 0.6655806 0.37896127
3.3351612 0.6643871 2.0579903
3.0410342 1.141862 1.1784756
2.3003228 1.9630969 2.4881067
4.7669997 2.9254 2.1870637
0.5970968 3.76071 1.1252357
1.4283334 4.247567 0.21279001
3.026774 4.251452 0.31082907
1.8822577 3.7637093 0.15224838
2.406 2.9294 0.08553999
1.1358064 1.9671935 0.12351937
1.7619998 1.1345999 0.18209668
2.7583869 0.6571613 0.4084226
2.3612905 0.6643871 0.7307161
3.1371427 1.1296428 1.7960894
3.8964517 1.9323871 2.3766098
1.5096667 2.8944669 0.79324996
1.8532258 3.737839 0.44287738
1.6013333 4.238867 0.21683
2.1593547 4.2592907 0.13987097
2.8906453 3.7861288 0.09990967
2.2096665 2.9602003 0.09461667
2.7122583 1.9980645 0.19787748
0.8673334 1.1573001 0.10943664
0.7154839 0.6655806 0.12451936
2.8777416 0.6643871 0.17705807
3.9764285 1.1296428 1.59525
0.7993549 1.9323871 1.4693131
3.7680001 2.8944669 0.91943663
1.8267742 3.737839 0.78408396
0.5456667 4.238867 0.18260999
0.90129054 4.2592907 0.07454194
1.4980645 3.7861288 0.04198709
8.205334 2.9602003 1.7603734
2.01 1.9980645 0.5670741
2.1770003 1.1573001 0.46417004
2.439032 0.6655806 0.77160966
1.4406453 0.6643871 1.5062772
1.3246429 1.1296428 1.0127035
3.9425807 1.9323871 2.7530966
1.903 2.8944669 0.7814333
3.3458068 3.737839 1.0331227
1.8893332 4.238867 0.4228767
4.41129 4.2592907 0.5843194
4.8467736 3.7861288 0.8896968
1.4803332 2.9602003 0.25402
2.7864516 1.9980645 0.3991355
2.0303335 1.1573001 0.43250328
3.8322582 0.6655806 1.6854935
1.6058065 0.6643871 1.426039
0.5531035 1.141862 0.85151047
3.056774 1.9630969 1.5686322
1.4080001 2.9254 0.60618
5.0267744 3.76071 1.2863129
3.478333 4.247567 0.98071325
0.91935486 4.251452 0.23631285
2.8041942 3.7637093 0.22519031
3.6430004 2.9294 0.38704
2.2893546 1.9671935 0.19232902
3.4973333 1.1345999 0.8403335
1.7435484 0.6571613 0.5807323
1.0864516 0.6643871 0.34610003
1.4078572 1.1296428 0.5858714
1.6912905 1.9323871 0.9323581
1.8050001 2.8944669 0.62188333
1.7361289 3.737839 0.36029354
3.0896668 4.238867 0.28600672
4.187097 4.2592907 0.43382582
2.9267743 3.7861288 0.35203224
3.3890002 2.9602003 0.7006366
1.4687092 1.9980645 0.25520322
2.4733331 1.1573001 0.48539338
5.1219354 0.6655806 1.1147387
0.683871 0.6643871 1.0129095
2.8228571 1.1296428 2.6269858
3.163871 1.9323871 1.7026967
4.661667 2.8944669 3.4352338
2.3074195 3.737839 0.8300226
4.8696666 4.238867 0.7207768
5.8761287 4.2592907 1.5500481
2.2003226 3.7861288 0.3400355
1.2853334 2.9602003 0.15623666
3.0180645 1.9980645 0.22135486
3.9876666 1.1573001 1.2162901
3.3832257 0.6655806 1.5348486
2.2612903 0.6643871 1.3041905
4.2307143 1.1296428 3.5893
1.8287097 1.9323871 1.8259965
1.026 2.8944669 0.65580654
5.190322 3.737839 1.079726
2.3500001 4.238867 0.72597
2.4274194 4.2592907 0.26668063
5.3038707 3.7861288 0.76308066
3.6556666 2.9602003 0.53616333
4.132903 1.9980645 1.1929257
3.6463335 1.1573001 1.8017635
1.1248387 0.6655806 1.9103707
2.1100001 0.6643871 1.1794677
4.5058627 1.141862 2.481338
2.2280645 1.9630969 2.5379384
4.3329997 2.9254 2.4006197
4.882258 3.76071 1.9601483
10.943 4.247567 7.88282
1.9038707 4.251452 1.48441
1.7412902 3.7637093 0.47636452
1.37 2.9294 0.24862668
1.9835483 1.9671935 0.2652935
6.0823336 1.1345999 1.47018
4.9712896 0.6571613 3.472158
2.5700002 0.6643871 2.109703
2.8414285 1.1296428 2.6171393
2.6448388 1.9323871 1.6968803
5.590999 2.8944669 3.5493202
3.909355 3.737839 1.9378289
3.5343335 4.238867 1.2414299
1.6561291 4.2592907 0.54970634
3.1022582 3.7861288 0.47665808
4.170334 2.9602003 0.54998666
2.5503225 1.9980645 0.42553222
0.88300014 1.1573001 0.38165668
5.1751614 0.6655806 2.480429
2.980645 0.6643871 2.5554125
1.0200001 1.1296428 0.8474428
3.6200001 1.9323871 1.3474033
3.1093335 2.8944669 2.4832428
3.5732257 3.737839 0.93865496
3.9939997 4.238867 0.5290467
1.42 4.2592907 0.26668388
2.3190324 3.7861288 0.18323226
4.5199995 2.9602003 0.5783933
1.0841933 1.9980645 0.20957422
1.7566667 1.1573001 0.26325002
4.342258 0.6655806 1.5242356
3.0487094 0.6643871 1.6573645
2.6607144 1.1296428 2.0902288
4.067097 1.9323871 2.639487
2.8966668 2.8944669 1.4844632
4.8648386 3.737839 1.9912452
4.781334 4.238867 2.1968162
3.0041935 4.2592907 1.0056968
3.0751617 3.7861288 0.4132258
10.276 2.9602003 5.9648833
3.242581 1.9980645 2.5585835
2.5573335 1.1573001 1.8377068
3.2129035 0.6655806 1.1916903
3.1783864 0.6643871 3.0299227
1.1672413 1.141862 1.5711343
2.829677 1.9630969 1.1309774
1.3673332 2.9254 1.5929399
3.7154837 3.76071 0.60432583
3.631 4.247567 0.71585
3.564516 4.251452 0.49667746
2.370645 3.7637093 0.2780387
4.962 2.9294 0.2991233
8.096452 1.9671935 4.5531383
0.577 1.1345999 0.9955
1.4570969 0.6571613 0.8041033
1.1496774 0.6643871 0.34714514
0.685 1.1296428 0.69471073
4.442258 1.9323871 2.521284
3.9496665 2.8944669 2.6499403
0.9883872 3.737839 0.48295486
2.9589996 4.238867 0.3276033
2.3883872 4.2592907 0.18281935
3.1787097 3.7861288 0.22023872
1.6516666 2.9602003 0.12570664
3.5980647 1.9980645 0.2866452
5.0353336 1.1573001 1.4709268
3.7151618 0.6655806 3.120058
5.970322 0.6643871 3.531758
0.7760714 1.1296428 0.9070322
2.8948386 1.9323871 4.016987
1.31 2.8944669 1.048
5.039999 3.737839 2.3073196
2.8833334 4.238867 0.54451
3.617097 4.2592907 0.7958291
2.9845164 3.7861288 0.29878387
1.2313334 2.9602003 0.23203667
1.3748385 1.9980645 0.17105803
2.4373333 1.1573001 0.22451998
3.7845163 0.6655806 1.2249998
6.318065 0.6643871 4.2315516
4.2714286 1.1296428 3.4374106
2.2374194 1.9323871 3.1679196
2.5333333 2.8944669 1.6510968
3.7703223 3.737839 1.0996516
2.5579998 4.238867 0.7647333
2.5096776 4.2592907 0.328029
5.2625813 3.7861288 0.7235291
7.589667 2.9602003 3.1120105
4.7125807 1.9980645 3.333884
2.3706667 1.1573001 1.1442034
1.2358065 0.6655806 0.81839347
1.4848387 0.6643871 0.9657711
0.7531034 1.141862 0.52439314
5.065161 1.9630969 2.693771
3.7273335 2.9254 2.4528668
3.6929028 3.76071 1.7836874
2.8769996 4.247567 0.6349433
1.9248388 4.251452 0.3004645
1.9616129 3.7637093 0.17918064
1.423 2.9294 0.11840999
2.2551615 1.9671935 0.17013223
2.7416666 1.1345999 0.3589
0.54548395 0.6571613 0.2012613
0.3490323 0.6643871 0.14181614
5.2050004 1.1296428 2.275493
1.1764517 1.9323871 0.68015486
3.3319998 2.8944669 1.44547
2.9303226 3.737839 0.5282162
4.441 4.238867 1.0238234
3.209032 4.2592907 0.42998058
3.1470966 3.7861288 0.18501934
1.8650001 2.9602003 0.22303337
2.849032 1.9980645 0.25342903
0.62133336 1.1573001 0.2163267
2.3425808 0.6655806 0.3684161
2.8651612 0.6643871 0.9818998
2.933214 1.1296428 2.5165498
2.1874192 1.9323871 1.5323194
3.6009996 2.8944669 1.50395
1.7306451 3.737839 0.5586581
5.594333 4.238867 1.8472968
2.3387098 4.2592907 0.38246453
1.2322581 3.7861288 0.19884518
2.644 2.9602003 0.18076
1.3829033 1.9980645 0.1683
2.8500001 1.1573001 0.31390664
1.4490323 0.6655806 0.40494835
1.5987096 0.6643871 0.5403517
2.864286 1.1296428 1.5987891
4.1493554 1.9323871 2.8793125
7.132667 2.8944669 5.234221
4.146452 3.737839 1.6348293
4.3733335 4.238867 1.3216367
0.78225815 4.2592907 0.37600645
2.063226 3.7861288 0.20364515
1.828 2.9602003 0.13025667
4.0958066 1.9980645 0.33550966
4.182 1.1573001 1.0073466
5.2854834 0.6655806 3.1713579
1.5058064 0.6643871 0.9460967
5.231724 1.141862 4.6909075
4.252903 1.9630969 3.442729
3.638 2.9254 3.49628
3.8819354 3.76071 2.5224059
2.3373334 4.247567 0.7458666
3.565484 4.251452 0.9946387
4.22129 3.7637093 1.6265486
1.1720002 2.9294 0.29200333
2.5232255 1.9671935 0.42936447
2.7673335 1.1345999 0.8226233
1.3845161 0.6571613 1.0877967
1.3529032 0.6643871 0.61203855
2.9028568 1.1296428 2.2467499
2.6809678 1.9323871 1.0060322
0.2943334 2.8944669 0.84841
4.4274187 3.737839 0.69182897
2.156 4.238867 0.32186997
3.9635484 4.2592907 0.3963871
2.4964519 3.7861288 0.24775164
2.4503334 2.9602003 0.19122334
2.1841938 1.9980645 0.24622905
5.8713326 1.1573001 1.8486499
1.2322582 0.6655806 1.3466938
1.3651613 0.6643871 0.48302573
3.6810715 1.1296428 2.349443
1.8690324 1.9323871 1.9227419
2.8200004 2.8944669 1.1241399
1.488387 3.737839 0.46180323
1.7126667 4.238867 0.2639433
2.1654837 4.2592907 0.16186132
2.9509676 3.7861288 0.14562578
0.95566654 2.9602003 0.13564667
1.923871 1.9980645 0.10660969
4.744 1.1573001 0.5410433
4.1596785 0.6655806 1.9740031
3.1870968 0.6643871 1.4191868
1.6303571 1.1296428 1.1198856
1.3429033 1.9323871 1.49969
3.4620001 2.8944669 1.9957166
2.7577424 3.737839 0.94304514
2.769 4.238867 0.45902672
2.166774 4.2592907 0.5904259
1.5109676 3.7861288 0.113570966
5.636667 2.9602003 0.6962166
2.0025806 1.9980645 0.28600642
3.7200003 1.1573001 1.4855832
1.6929032 0.6655806 1.1983999
2.0780647 0.6643871 1.2553581
1.9851723 1.141862 1.6574998
1.5490323 1.9630969 0.91376793
2.166 2.9254 0.68205
6.8903227 3.76071 3.1696353
0.67633337 4.247567 0.48108006
3.08 4.251452 0.25837418
2.827419 3.7637093 0.16736451
2.372 2.9294 0.15646665
1.2612903 1.9671935 0.1417387
3.401 1.1345999 0.35979334
1.0096774 0.6571613 0.26124516
2.1822581 0.6643871 0.9097453
2.0910714 1.1296428 0.83490354
3.4029028 1.9323871 1.734629
1.5339999 2.8944669 0.84956664
7.7300005 3.737839 4.357348
4.802666 4.238867 1.8398665
3.8774195 4.2592907 0.91181606
1.2367743 3.7861288 0.3855806
2.0193334 2.9602003 0.21605664
4.0235486 1.9980645 0.6827678
1.909 1.1573001 0.5266933
1.1864517 0.6655806 0.29941934
3.0496771 0.6643871 1.7227032
1.639643 1.1296428 1.4681822
1.6958064 1.9323871 0.76680636
2.954333 2.8944669 1.21782
5.274839 3.737839 1.8744549
1.69 4.238867 0.76519334
3.734194 4.2592907 0.457287
4.4987097 3.7861288 0.52569354
1.4623334 2.9602003 0.23416331
5.6819353 1.9980645 1.5685161
1.8150002 1.1573001 0.9080433
4.4341936 0.6655806 2.1446483
2.626451 0.6643871 2.8195126
1.1942858 1.1296428 1.1584963
3.5680645 1.9323871 1.8254808
1.8023331 2.8944669 1.0665166
1.6806449 3.737839 0.5597709
1.0103333 4.238867 0.22171669
1.7932258 4.2592907 0.13487741
2.999032 3.7861288 0.1772742
3.8100002 2.9602003 0.27461
1.8 1.9980645 0.17425807
1.8196667 1.1573001 0.29705
3.4041936 0.6655806 0.98987395
1.3590322 0.6643871 0.5567096
1.8241377 1.141862 0.80722755
4.0348387 1.9630969 2.269813
2.707 2.9254 1.5141132
3.149032 3.76071 0.7300807
2.5346668 4.247567 0.7679666
4.7916126 4.251452 0.8849032
1.6467742 3.7637093 0.34528387
4.1046667 2.9294 0.45921662
1.2345161 1.9671935 0.38900968
4.352667 1.1345999 1.8982636
3.889677 0.6571613 2.6701808
1.7296774 0.6643871 1.5673356
3.0085714 1.1296428 0.90213925
6.749999 1.9323871 6.7564616
6.1443334 2.8944669 5.0810266
2.1851609 3.737839 1.0839643
2.0746665 4.238867 0.6790899
2.1387095 4.2592907 0.32996765
2.70129 3.7861288 0.2703613
5.9649997 2.9602003 0.56507
2.5735486 1.9980645 0.37202576
3.815667 1.1573001 1.7651534
3.5806448 0.6655806 2.7260096
3.3774197 0.6643871 1.1272095
3.192143 1.1296428 2.7070107
5.575161 1.9323871 6.154594
2.481 2.8944669 1.9667001
2.9696772 3.737839 0.9026292
2.4376667 4.238867 0.3873133
3.4696774 4.2592907 0.34438708
3.7416131 3.7861288 0.56200004
2.3236666 2.9602003 0.3125967
0.8387097 1.9980645 0.2578871
3.4480004 1.1573001 0.9458
2.0870967 0.6655806 1.2768872
3.2570965 0.6643871 2.4057746
1.5525 1.1296428 0.80826795
1.0141935 1.9323871 1.0742775
1.6586666 2.8944669 0.49870667
3.2832258 3.737839 0.55492586
3.6013336 4.238867 0.61973
3.3454838 4.2592907 0.6683904
1.2293546 3.7861288 0.1716161
2.0223334 2.9602003 0.12275002
4.8345156 1.9980645 0.42163545
3.3663335 1.1573001 1.2274898
1.9364518 0.6655806 0.9534839
5.7367735 0.6643871 4.8025713
2.4665518 1.141862 2.2117655
3.3199997 1.9630969 2.030387
3.1636662 2.9254 1.9729065
4.404839 3.76071 1.8158289
7.0303335 4.247567 3.2485433
6.5012903 4.251452 2.4607227
2.7748384 3.7637093 1.5832775
6.8463316 2.9294 2.4803436
3.94129 1.9671935 2.1893933
3.0926664 1.1345999 1.9524632
4.290323 0.6571613 4.164274
1.636129 0.6643871 1.2447451
1.4314286 1.1296428 1.4699465
3.9903226 1.9323871 2.2204905
1.3783334 2.8944669 0.97262996
1.9693551 3.737839 0.4812096
2.0093334 4.238867 0.39819998
1.8787097 4.2592907 0.15459675
2.506774 3.7861288 0.13395162
3.6016665 2.9602003 0.17829667
1.5564516 1.9980645 0.13082902
5.388666 1.1573001 1.1218699
1.7709678 0.6655806 0.5679258
5.077097 0.6643871 3.755074
4.9392858 1.1296428 3.9579966
4.7145166 1.9323871 3.9579096
3.7243333 2.8944669 2.1151736
4.59613 3.737839 2.4959226
3.5113337 4.238867 0.7961367
2.7019355 4.2592907 0.36836782
1.7748387 3.7861288 0.28675482
1.2199999 2.9602003 0.13253668
1.8800001 1.9980645 0.19697736
0.68966675 1.1573001 0.16771667
0.6658065 0.6655806 0.15177098
4.7929034 0.6643871 1.3123484
2.33 1.1296428 0.68246794
2.8367746 1.9323871 1.4077486
2.8203332 2.8944669 1.2909701
1.5087097 3.737839 0.39124838
1.5370001 4.238867 0.17556666
1.5751613 4.2592907 0.107474186
3.6080642 3.7861288 0.15544839
7.6629996 2.9602003 0.84529334
2.1551611 1.9980645 1.1217808
1.5666665 1.1573001 0.37969
2.08 0.6655806 0.99586785
2.263226 0.6643871 0.50434196
2.106207 1.141862 1.9208653
3.5300002 1.9630969 2.3506386
3.7543333 2.9254 2.0011835
3.2458067 3.76071 0.84070957
3.9553332 4.247567 0.65136665
3.7729034 4.251452 0.6212322
2.347742 3.7637093 0.35421935
5.1096673 2.9294 0.83855665
0.37741938 1.9671935 0.31778064
1.7673334 1.1345999 0.31826338
2.37 0.6571613 1.3696418
2.9235482 0.6643871 0.9234516
1.3221426 1.1296428 1.1960642
4.065161 1.9323871 1.8215322
1.8050001 2.8944669 1.484157
2.564516 3.737839 0.50375164
3.2556665 4.238867 0.39284667
1.6793547 4.2592907 0.17622903
2.414516 3.7861288 0.1289226
3.0866668 2.9602003 0.13330667
0.7335484 1.9980645 0.10385483
1.3123332 1.1573001 0.14842997
1.5090322 0.6655806 0.15682901
1.7080647 0.6643871 0.1971645
0.28500003 1.1296428 0.17870356
3.4341931 1.9323871 0.7056839
2.618333 2.8944669 0.43342003
3.048387 3.737839 0.4617936
2.7953336 4.238867 0.22106665
2.0725806 4.2592907 0.07901613
2.8151617 3.7861288 0.07252903
3.6463335 2.9602003 0.17275666
5.195162 1.9980645 -99.0
3.278667 1.1573001 -99.0
3.2903223 0.6655806 -99.0
1.6538707 0.6643871 -99.0
4.578929 1.1296428 -99.0
2.8793547 1.9323871 -99.0
2.2823331 2.8944669 -99.0
6.161614 3.737839 -99.0
5.792 4.238867 -99.0
2.8803232 4.2592907 -99.0
3.6409676 3.7861288 -99.0
7.901 2.9602003 -99.0
3.7529035 1.9980645 -99.0
3.7236667 1.1573001 -99.0
3.6496778 0.6655806 -99.0
