3.407742 0.94122577 1.4432709
3.856207 1.4045517 3.2873962
5.479356 2.1304193 2.5957966
1.8336667 2.9397333 2.2647665
4.2790327 3.6059039 1.4370869
2.2806668 3.9525006 1.1227766
2.5567737 3.8832583 0.8107323
8.080968 3.4094198 3.1084712
4.775333 2.6719332 1.14047
1.2141935 1.8632902 0.854813
8.213666 1.1998667 3.0991366
4.0493546 0.8617096 2.2941031
3.0309675 0.94122577 1.8663192
3.2678568 1.3935001 2.5576534
3.0774195 2.1039677 1.8575773
4.5276666 2.9143 2.1988668
3.1135485 3.5883553 2.2164776
3.650333 3.9475005 1.3595966
5.431291 3.8921614 2.2962773
10.257419 3.4300003 2.855958
2.56 2.6984668 1.5177466
5.249355 1.8886129 2.327616
1.6116666 1.2172667 1.8389167
2.0816128 0.8664515 1.1856741
2.281613 0.94122577 1.2567227
2.329643 1.3935001 1.4498713
4.7006445 2.1039677 2.3130293
1.1186668 2.9143 1.2523001
4.875161 3.5883553 0.9885483
4.1586666 3.9475005 1.0580267
3.5170975 3.8921614 0.84206766
4.970645 3.4300003 0.67918056
3.0900004 2.6984668 1.1167433
2.922258 1.8886129 0.7542355
1.1970001 1.2172667 0.6329368
3.9345164 0.8664515 2.0947902
1.5303227 0.94122577 0.67407423
3.1289287 1.3935001 1.5942966
4.168387 2.1039677 1.4480195
4.0443335 2.9143 1.4699332
0.41774192 3.5883553 0.83222264
5.3893347 3.9475005 1.44433
4.7129025 3.8921614 0.92914516
2.475161 3.4300003 0.72473544
2.4346664 2.6984668 0.4552067
1.1948388 1.8886129 0.32394195
2.2376666 1.2172667 0.52786994
5.4509683 0.8664515 1.8091094
3.3325808 0.94122577 1.3758775
4.0813794 1.4045517 2.367014
7.7190313 2.1304193 4.6792808
3.345 2.9397333 2.00949
2.7099996 3.6059039 1.2618321
3.2500002 3.9525006 0.9574865
2.226129 3.8832583 0.69558716
7.588064 3.4094198 1.401016
1.1266668 2.6719332 0.6893933
1.0970968 1.8632902 0.5920549
2.0806665 1.1998667 0.5976667
2.7651613 0.8617096 0.77447104
3.8409677 0.94122577 1.7351451
5.5625005 1.3935001 2.6802788
4.668065 2.1039677 3.1886322
2.0576668 2.9143 1.43229
1.4241937 3.5883553 1.0005807
5.1856675 3.9475005 1.1050899
2.3783872 3.8921614 0.55933875
2.3861291 3.4300003 0.8756549
5.6853337 2.6984668 1.4205966
0.47774196 1.8886129 0.59745806
1.3759999 1.2172667 0.55505335
4.386129 0.8664515 1.3627516
6.0061297 0.94122577 3.1836066
4.108571 1.3935001 2.0582213
4.3325806 2.1039677 2.5272937
1.9603333 2.9143 1.9149764
3.6451612 3.5883553 1.5718999
1.326 3.9475005 0.8242067
2.7138705 3.8921614 0.4854097
2.1858065 3.4300003 0.4926419
0.47700003 2.6984668 0.28721333
1.2529033 1.8886129 0.2991645
3.4643328 1.2172667 0.45595333
3.4712908 0.8664515 0.7154387
1.2651612 0.94122577 0.5460483
3.5682142 1.3935001 1.6031646
2.8238707 2.1039677 0.87158054
4.5976663 2.9143 1.37919
3.8387094 3.5883553 0.97397745
3.72 3.9475005 0.68556666
4.7138705 3.8921614 0.5849419
2.739355 3.4300003 0.4509193
2.8279998 2.6984668 0.35086998
2.0135481 1.8886129 0.4852581
1.6530001 1.2172667 0.40195665
0.54741937 0.8664515 0.35124198
1.1445161 0.94122577 0.36538064
5.9396553 1.4045517 1.6616241
2.7058063 2.1304193 0.97579026
4.9233336 2.9397333 2.0772567
2.321613 3.6059039 0.9940194
1.517 3.9525006 0.52433664
4.094194 3.8832583 1.2283002
1.9680647 3.4094198 0.5334742
5.842 2.6719332 0.6549434
3.3316128 1.8632902 0.6751903
1.4816664 1.1998667 0.7101133
3.217097 0.8617096 0.99863875
4.3035483 0.94122577 1.2596389
5.140714 1.3935001 2.7403963
2.033871 2.1039677 1.9053065
6.056334 2.9143 3.23844
2.804193 3.5883553 1.4367193
9.498333 3.9475005 2.1702533
2.0674193 3.8921614 0.9572001
1.7929034 3.4300003 0.7305612
9.245333 2.6984668 1.9556333
2.1009674 1.8886129 1.4196031
6.4866667 1.2172667 2.78474
3.23 0.8664515 1.9778161
4.0819354 0.94122577 2.4300065
3.280714 1.3935001 2.338593
3.6496775 2.1039677 2.3859196
7.3893337 2.9143 4.44669
3.880646 3.5883553 3.1226737
2.590333 3.9475005 1.5768701
3.8370967 3.8921614 1.2038938
3.3129032 3.4300003 0.8887807
1.4033333 2.6984668 0.7074901
2.2909677 1.8886129 0.70689684
1.803 1.2172667 0.6306734
4.840967 0.8664515 1.852113
2.6603227 0.94122577 1.2610999
2.527857 1.3935001 1.0472752
4.184838 2.1039677 1.364216
4.773667 2.9143 2.144657
4.1951613 3.5883553 1.2319518
2.4343333 3.9475005 1.35735
5.123549 3.8921614 1.0366389
4.828709 3.4300003 0.7804871
7.064333 2.6984668 2.2504435
6.3448386 1.8886129 2.9842253
1.554 1.2172667 1.4492266
3.181613 0.8664515 1.7854291
4.3258066 0.94122577 2.2408967
6.66862 1.4045517 5.343589
4.9329033 2.1304193 3.9261296
3.416 2.9397333 3.9673867
3.1909673 3.6059039 2.0448644
3.7099998 3.9525006 1.4609067
3.6264513 3.8832583 1.1342936
5.166775 3.4094198 1.0880196
4.8360004 2.6719332 1.0324101
3.7019353 1.8632902 1.0588742
0.5193333 1.1998667 0.73722005
2.0067742 0.8617096 0.7105227
2.4929032 0.94122577 1.329945
5.605 1.3935001 2.4749465
3.9370966 2.1039677 1.8863645
3.757333 2.9143 2.5949807
3.0687099 3.5883553 1.5555261
5.526666 3.9475005 1.58891
4.1183877 3.8921614 0.94080967
6.200322 3.4300003 1.133203
0.931 2.6984668 0.6125934
1.2667742 1.8886129 0.48499355
3.429 1.2172667 0.8057733
6.5200005 0.8664515 2.765239
4.244516 0.94122577 1.9373777
4.3303576 1.3935001 2.0921037
4.7167745 2.1039677 2.4136157
3.4426665 2.9143 3.3273003
2.933871 3.5883553 1.3911678
6.4906664 3.9475005 2.4059668
3.2322576 3.8921614 1.4760776
2.2980645 3.4300003 0.7775742
3.4126666 2.6984668 0.7315767
1.9532256 1.8886129 0.68977094
4.0693336 1.2172667 1.1039567
2.580968 0.8664515 0.93132913
2.2632258 0.94122577 1.162358
2.1028569 1.3935001 0.9924001
6.892903 2.1039677 3.7231646
3.5696666 2.9143 1.2703701
4.040645 3.5883553 1.6692002
2.8213332 3.9475005 1.0448301
2.6364515 3.8921614 0.77064514
1.0716131 3.4300003 0.5112064
4.0299997 2.6984668 0.6397133
0.03354839 1.8886129 0.43309033
3.5483332 1.2172667 0.63819337
2.4780645 0.8664515 0.67009354
4.3567743 0.94122577 1.9067676
4.475862 1.4045517 2.000493
3.5074193 2.1304193 1.9074968
5.9769998 2.9397333 3.0174167
1.3964517 3.6059039 1.5748225
3.9386666 3.9525006 0.9330134
6.445807 3.8832583 1.1539805
5.12871 3.4094198 0.9152999
3.367 2.6719332 0.72054666
9.070322 1.8632902 4.888075
3.2446668 1.1998667 2.0181465
3.172258 0.8617096 1.5861163
2.1361291 0.94122577 1.4822615
5.0439277 1.3935001 3.0558603
5.0267744 2.1039677 3.1725967
3.3960001 2.9143 2.1119034
2.6364517 3.5883553 1.5974128
5.092 3.9475005 1.4142169
5.793549 3.8921614 1.0446581
3.9445164 3.4300003 0.8467967
1.9283333 2.6984668 0.60244
2.9974194 1.8886129 1.0326161
1.4563334 1.2172667 0.6630434
0.19612902 0.8664515 0.57900965
3.208387 0.94122577 0.7032419
6.648571 1.3935001 3.8651001
1.6151613 2.1039677 2.0375772
2.6533332 2.9143 0.8980133
2.1103225 3.5883553 0.9174839
2.582333 3.9475005 0.72406006
2.405484 3.8921614 0.4649388
3.8419352 3.4300003 0.48060638
5.6456666 2.6984668 1.0173534
3.5235484 1.8886129 0.73640007
2.925 1.2172667 1.1062168
2.1025805 0.8664515 0.7517
2.4570968 0.94122577 1.1845742
2.7325 1.3935001 1.1392429
2.241613 2.1039677 1.0479453
1.3823333 2.9143 0.6957967
4.8883867 3.5883553 0.7943484
5.009667 3.9475005 0.9921266
5.3887086 3.8921614 1.3335935
5.1261287 3.4300003 1.0508419
2.9066665 2.6984668 0.61711663
2.2861292 1.8886129 0.5854418
2.2066665 1.2172667 0.6374567
6.2622585 0.8664515 2.6019902
3.3364515 0.94122577 2.1567159
0.5462069 1.4045517 1.2203171
3.9054842 2.1304193 1.9650518
2.8796666 2.9397333 1.2361201
4.833871 3.6059039 3.027952
3.3779995 3.9525006 1.4861165
3.8564515 3.8832583 1.0778195
2.9635477 3.4094198 0.8347775
2.7493334 2.6719332 0.70184
4.196774 1.8632902 0.9211388
3.2743335 1.1998667 0.99250007
2.5648391 0.8617096 0.8868774
2.5729032 0.94122577 1.2159162
5.0460725 1.3935001 2.4761612
3.878387 2.1039677 2.439487
4.567 2.9143 2.8615532
2.1664515 3.5883553 1.3700516
5.2880006 3.9475005 1.0866336
3.467419 3.8921614 0.64784837
3.747419 3.4300003 1.1612647
6.5073333 2.6984668 1.5572834
1.8251612 1.8886129 1.0559548
2.626333 1.2172667 1.3528267
4.84871 0.8664515 2.0991547
1.7683871 0.94122577 1.3295969
2.9046428 1.3935001 1.6870716
2.364194 2.1039677 1.3354257
2.8563333 2.9143 1.6088698
2.9454844 3.5883553 1.0676128
2.7226665 3.9475005 0.8388868
3.565484 3.8921614 0.6423839
8.941936 3.4300003 4.3939776
1.225 2.6984668 0.7737467
5.518387 1.8886129 1.2578613
2.0303335 1.2172667 1.3272302
2.248387 0.8664515 1.0701709
2.0800002 0.94122577 1.6291097
5.9267845 1.3935001 3.0151145
3.0558064 2.1039677 2.0372064
2.1940002 2.9143 1.47219
4.8132257 3.5883553 1.7621065
2.914333 3.9475005 1.1239
4.4900002 3.8921614 1.034458
3.2009678 3.4300003 0.92586786
5.152667 2.6984668 0.7233034
6.861613 1.8886129 2.1097357
3.187333 1.2172667 1.5987066
2.7851608 0.8664515 2.4030416
3.1138713 0.94122577 1.7416998
2.6406896 1.4045517 1.5326896
3.384516 2.1304193 1.6680967
1.975 2.9397333 1.4567567
5.8696775 3.6059039 2.5469642
5.522 3.9525006 3.0140364
4.23 3.8832583 1.3412582
1.2106451 3.4094198 0.89271605
3.2183335 2.6719332 0.6841499
2.148387 1.8632902 0.8165452
4.7989993 1.1998667 1.3087766
4.6993546 0.8617096 2.2507324
3.9416127 0.94122577 1.9956676
4.9171433 1.3935001 3.6456463
7.927097 2.1039677 4.268277
4.6549997 2.9143 3.4210534
5.2077427 3.5883553 3.1365225
4.1 3.9475005 1.8679198
3.4841933 3.8921614 1.2625614
4.0516124 3.4300003 1.1506937
2.9016669 2.6984668 0.8599733
2.660645 1.8886129 0.945184
2.069 1.2172667 0.77937007
6.821613 0.8664515 2.3582225
3.8912902 0.94122577 2.4456708
3.7528577 1.3935001 2.2256286
3.6932256 2.1039677 1.9220809
3.8619998 2.9143 2.5817902
5.1922584 3.5883553 1.9592321
4.8919997 3.9475005 1.6536765
2.1629033 3.8921614 1.4771708
4.3296766 3.4300003 1.6520674
5.956332 2.6984668 1.4895065
0.64322585 1.8886129 0.85484207
4.2170005 1.2172667 0.9059101
2.2074194 0.8664515 1.4381804
3.9435484 0.94122577 2.0179
4.363571 1.3935001 2.3708644
9.457419 2.1039677 6.581318
1.1706666 2.9143 2.2741802
8.219354 3.5883553 2.7707
4.4576664 3.9475005 2.4063368
3.6080642 3.8921614 1.3835257
2.203871 3.4300003 0.89052904
6.1260004 2.6984668 1.3550899
4.828709 1.8886129 3.1660388
3.1639998 1.2172667 1.6664833
2.9203227 0.8664515 1.3762451
2.3729033 0.94122577 2.044868
1.9886208 1.4045517 1.5178932
3.7619352 2.1304193 1.3521904
0.16199999 2.9397333 1.4699333
5.7596774 3.6059039 1.3798805
4.787334 3.9525006 1.3520867
1.1487095 3.8832583 0.729116
2.9274194 3.4094198 0.59064513
5.1980004 2.6719332 0.6736
8.024193 1.8632902 3.0622036
2.0509999 1.1998667 1.1273035
4.0800004 0.8617096 2.3596845
1.8680644 0.94122577 1.2297615
1.2696428 1.3935001 1.0920392
4.7680645 2.1039677 2.0007808
3.4786668 2.9143 2.4918032
2.4858067 3.5883553 1.1262741
3.4123333 3.9475005 0.96013
1.243871 3.8921614 0.55712265
3.2009678 3.4300003 0.52213544
6.8119993 2.6984668 1.5211333
3.6774194 1.8886129 0.8737808
6.9339986 1.2172667 4.432393
2.4003217 0.8664515 1.4888257
6.3964515 0.94122577 3.9957192
0.46821427 1.3935001 1.4881927
4.9167743 2.1039677 2.806042
2.515 2.9143 1.7496833
4.279032 3.5883553 2.4423902
3.5363338 3.9475005 1.1235367
4.895161 3.8921614 0.93134516
6.2716117 3.4300003 2.3290777
1.7063334 2.6984668 0.78880006
0.4906452 1.8886129 0.5738936
2.0743334 1.2172667 0.5983068
3.631613 0.8664515 0.93826133
5.539677 0.94122577 2.6100032
5.4500003 1.3935001 3.0239892
4.474194 2.1039677 3.527136
5.458 2.9143 3.1002502
3.6654837 3.5883553 1.9009322
5.3966665 3.9475005 1.5892903
5.5412908 3.8921614 1.4330804
2.2174194 3.4300003 0.87413555
9.946333 2.6984668 3.3683298
1.8774195 1.8886129 2.2879028
4.225 1.2172667 2.5012267
0.9706452 0.8664515 1.4527643
3.5209675 0.94122577 2.3505676
0.92827594 1.4045517 1.3870206
6.14 2.1304193 3.2502096
4.929333 2.9397333 4.42523
4.2941933 3.6059039 2.4278295
4.3483334 3.9525006 1.9221267
3.4874196 3.8832583 1.3409034
2.2293549 3.4094198 0.876687
4.61 2.6719332 0.8407632
2.8451612 1.8632902 1.0770837
2.9569998 1.1998667 1.1555465
0.6493548 0.8617096 0.8275
0.38161293 0.94122577 0.64421946
3.7139285 1.3935001 1.1711179
2.9896774 2.1039677 1.2242904
1.2466666 2.9143 1.0391934
4.7925806 3.5883553 1.3157581
4.1580005 3.9475005 1.0279033
4.7880645 3.8921614 1.0658032
1.5987093 3.4300003 0.5713355
3.7743335 2.6984668 0.72441995
2.622903 1.8886129 0.5232387
1.0 1.2172667 0.44617328
5.194839 0.8664515 1.0461227
3.6767745 0.94122577 2.2219486
5.225357 1.3935001 2.744829
1.2854841 2.1039677 1.4378195
4.273667 2.9143 1.9756035
3.830645 3.5883553 1.4043033
4.355 3.9475005 1.7440368
5.332258 3.8921614 1.3849807
1.902258 3.4300003 1.0912902
1.0246667 2.6984668 0.5918967
3.5651612 1.8886129 0.7673677
3.4693332 1.2172667 0.8445333
4.082903 0.8664515 2.043042
3.067097 0.94122577 1.6950709
4.960714 1.3935001 3.2987106
5.655484 2.1039677 3.2826521
6.418668 2.9143 5.314567
3.9283874 3.5883553 2.2110097
4.571 3.9475005 2.20528
0.4580645 3.8921614 1.3955549
2.3306448 3.4300003 0.7906903
3.0286665 2.6984668 0.7925599
4.2122583 1.8886129 1.1007774
4.12 1.2172667 1.3614867
6.9022574 0.8664515 3.120864
2.5532253 0.94122577 1.7941741
5.9624133 1.4045517 3.6921103
4.2448387 2.1304193 2.9415903
5.121001 2.9397333 4.151877
6.34 3.6059039 3.632074
2.7166667 3.9525006 1.84833
5.0993547 3.8832583 1.8739743
2.240968 3.4094198 1.4181452
1.2163333 2.6719332 0.8110133
1.7551616 1.8632902 0.76990646
1.7906667 1.1998667 0.7714635
1.1780642 0.8617096 0.76736146
3.4096775 0.94122577 1.0647097
3.9167855 1.3935001 1.994879
1.0535485 2.1039677 0.78704506
2.067333 2.9143 0.82607
3.3609676 3.5883553 0.6449516
4.742667 3.9475005 0.63028663
5.590323 3.8921614 1.1936966
5.3845162 3.4300003 1.4363548
0.24666667 2.6984668 0.65927994
3.542258 1.8886129 0.5112194
7.215666 1.2172667 2.86418
0.93290335 0.8664515 1.2993613
0.79483867 0.94122577 0.9167676
1.8364285 1.3935001 0.9625429
2.6580646 2.1039677 1.4115839
0.35000002 2.9143 0.8275899
3.3887095 3.5883553 0.89380974
0.6443333 3.9475005 0.5617666
2.9816127 3.8921614 0.39460644
5.4593544 3.4300003 0.6372807
3.3319998 2.6984668 0.7677168
3.3135486 1.8886129 0.50283873
4.990667 1.2172667 1.1216466
4.520645 0.8664515 2.4704485
3.9606457 0.94122577 1.6130807
6.7325006 1.3935001 3.0256
3.375484 2.1039677 4.3517194
4.411333 2.9143 2.8024366
2.1341934 3.5883553 1.503413
6.0439997 3.9475005 2.8016827
2.3054833 3.8921614 1.0559548
1.6970966 3.4300003 0.6059483
5.690999 2.6984668 1.0452135
0.68064517 1.8886129 0.5735226
4.186667 1.2172667 1.0659267
3.020323 0.8664515 1.1004031
2.483871 0.94122577 1.3354228
1.2034482 1.4045517 0.927407
1.6296775 2.1304193 0.8198387
2.6790001 2.9397333 1.1766267
1.6890326 3.6059039 0.7036065
1.9486668 3.9525006 0.46687993
3.5203223 3.8832583 0.4773129
3.7722578 3.4094198 0.44524837
3.9183328 2.6719332 0.61900324
2.606129 1.8632902 0.6055839
3.2666664 1.1998667 0.70559
1.6441935 0.8617096 0.5815323
1.4370968 0.94122577 0.7910612
5.071786 1.3935001 1.5446714
3.467097 2.1039677 1.7981775
2.784 2.9143 1.1239167
4.28129 3.5883553 1.6939644
6.1516666 3.9475005 1.2967267
6.1567736 3.8921614 1.0661645
5.190645 3.4300003 1.533287
8.551001 2.6984668 3.022697
3.4125807 1.8886129 3.5107386
3.003 1.2172667 1.4793398
3.5709677 0.8664515 1.9275255
4.069032 0.94122577 2.2984679
6.660357 1.3935001 4.259629
4.3841944 2.1039677 3.307423
1.9613334 2.9143 2.1544435
4.7812905 3.5883553 1.9002032
1.1113333 3.9475005 1.14876
4.8332257 3.8921614 1.008216
4.210968 3.4300003 1.066887
0.8879999 2.6984668 0.64122
10.378387 1.8886129 4.1389165
1.7843336 1.2172667 1.24929
3.0809681 0.8664515 1.4181418
3.91 0.94122577 2.4952257
2.2764287 1.3935001 1.4498605
5.862258 2.1039677 2.726245
6.050667 2.9143 3.2896428
3.5158064 3.5883553 1.9792838
3.261667 3.9475005 1.3475597
3.3051612 3.8921614 1.1401224
3.8387094 3.4300003 1.3459902
1.4993331 2.6984668 0.7583034
0.42483872 1.8886129 0.6387419
1.591 1.2172667 0.6829999
4.285485 0.8664515 0.9160353
2.9712903 0.94122577 1.3656743
3.3062067 1.4045517 1.2950896
3.247742 2.1304193 1.4764451
3.8756666 2.9397333 2.36417
4.710645 3.6059039 1.771945
5.4423347 3.9525006 2.04864
2.7861292 3.8832583 1.1270065
3.124839 3.4094198 0.83659685
4.274333 2.6719332 0.9378933
5.1516128 1.8632902 1.8240545
6.8116665 1.1998667 3.3209066
3.1803226 0.8617096 2.3338003
5.5864525 0.94122577 4.042365
3.0674996 1.3935001 2.4684856
7.2751613 2.1039677 5.331519
3.3420002 2.9143 3.77273
2.9180648 3.5883553 2.982403
1.0699999 3.9475005 1.3611168
1.9393549 3.8921614 0.95940006
2.0483873 3.4300003 0.89416456
2.7350001 2.6984668 0.6178767
1.2532258 1.8886129 0.48678717
3.0813334 1.2172667 0.69844335
3.418065 0.8664515 0.8132872
4.9987097 0.94122577 2.0127966
4.0314283 1.3935001 2.19215
6.2848387 2.1039677 3.551184
2.5753336 2.9143 1.9266499
2.1409678 3.5883553 1.2308514
6.844332 3.9475005 1.4032999
5.4225802 3.8921614 1.3576612
7.2729025 3.4300003 3.2574968
2.7059999 2.6984668 1.0226402
2.9909678 1.8886129 1.1241
3.0683331 1.2172667 1.18602
2.528387 0.8664515 1.8535676
6.153871 0.94122577 3.726084
3.7778568 1.3935001 2.1804574
2.185161 2.1039677 2.333087
0.7773334 2.9143 1.2300934
3.283548 3.5883553 0.97178394
8.04 3.9475005 1.9759768
2.4306452 3.8921614 1.217013
4.3635488 3.4300003 0.9838033
3.2226667 2.6984668 0.94354665
6.1854835 1.8886129 1.9559616
3.1463327 1.2172667 1.7462964
1.3754838 0.8664515 0.9772322
5.6058064 0.94122577 4.294503
3.2800002 1.4045517 2.5344896
3.7574193 2.1304193 1.8590388
2.2326665 2.9397333 1.5636935
2.5199997 3.6059039 1.2986323
3.492667 3.9525006 1.1299267
2.207742 3.8832583 0.65549994
6.439355 3.4094198 0.9878194
4.662999 2.6719332 0.7488999
1.1041934 1.8632902 0.6511419
4.3453336 1.1998667 0.9815867
3.727742 0.8617096 2.1680095
3.1216128 0.94122577 1.3893548
4.8525 1.3935001 2.1558392
4.2793546 2.1039677 2.7342482
5.4533334 2.9143 2.6962535
1.160968 3.5883553 1.7085487
5.424667 3.9475005 1.6532999
5.1251616 3.8921614 1.2406904
0.6819355 3.4300003 0.7979837
3.7706666 2.6984668 0.64271677
3.403226 1.8886129 0.7178194
2.2159998 1.2172667 0.76884997
3.1467743 0.8664515 1.0176903
6.2712903 0.94122577 3.0581808
6.074643 1.3935001 4.073268
3.8280652 2.1039677 3.0162873
6.998999 2.9143 2.8472433
3.3803227 3.5883553 2.265313
3.5813332 3.9475005 1.4883798
3.5361288 3.8921614 1.0009419
2.9351614 3.4300003 0.94008064
2.3980002 2.6984668 0.6065801
2.201613 1.8886129 0.8377066
1.7173331 1.2172667 0.7093702
3.3487096 0.8664515 0.8479033
4.1699996 0.94122577 1.4972097
3.060714 1.3935001 1.7237856
2.2606456 2.1039677 1.3310549
3.7069998 2.9143 1.2297134
1.3770969 3.5883553 1.0297257
3.151333 3.9475005 0.63557
2.947097 3.8921614 0.5593129
1.9367741 3.4300003 0.29879034
3.086 2.6984668 0.31062332
2.6870964 1.8886129 0.45437413
2.6279998 1.2172667 0.5884867
1.7745162 0.8664515 0.6245323
3.099677 0.94122577 0.7826742
1.8082758 1.4045517 0.9106447
2.992258 2.1304193 1.3860806
5.306 2.9397333 1.54373
2.1870968 3.6059039 0.9510129
1.3740001 3.9525006 0.45671332
2.8458066 3.8832583 0.39608064
2.185484 3.4094198 0.32719994
5.070334 2.6719332 0.42810676
0.009677419 1.8632902 0.2769323
2.729 1.1998667 0.40740672
1.7951612 0.8617096 0.50758386
2.229032 0.94122577 0.50248706
2.1035714 1.3935001 0.55346787
5.1103225 2.1039677 1.608345
1.136 2.9143 0.8690066
1.9103227 3.5883553 0.40736127
4.3263335 3.9475005 0.41040662
6.2874193 3.8921614 0.5411
1.6212903 3.4300003 0.34761614
4.392 2.6984668 0.46876666
1.2187095 1.8886129 0.40919355
1.0953333 1.2172667 0.4100332
2.4400005 0.8664515 0.47733876
