1.6429032 0.0 0.3313807
1.8489655 0.013206897 0.32333794
2.0035484 0.75122595 0.3362871
1.8713332 2.0733333 0.44685665
1.6254838 3.3545487 2.6375966
2.7893333 4.2533336 5.006718
1.4929034 4.524419 2.1353514
1.2883871 4.0871606 1.1017774
1.4453334 3.0717664 0.66340333
0.68903226 1.7465485 0.4930645
2.8933334 0.4697333 0.38374668
3.1596773 0.0 0.29162255
1.8106451 0.0 0.21226452
3.1621432 0.008607143 0.20525709
2.1983871 0.71138716 0.2556129
1.0426667 2.0286 0.6995933
1.9680647 3.3169358 2.9652514
1.9186666 4.2329 3.9286203
0.69 4.5266447 2.0269063
0.6574194 4.1117735 0.9798741
2.0866668 3.1118 0.6099468
2.2903223 1.7912259 0.48296773
1.5146668 0.5057333 0.3821834
1.9238708 0.0 0.2809097
3.5487096 0.0 0.18981287
1.7928573 0.008607143 0.20889999
2.5019355 0.71138716 0.20317417
1.5873331 2.0286 0.41736335
1.3564519 3.3169358 1.3300354
2.0763333 4.2329 4.5952535
2.0203228 4.5266447 3.7319355
0.702258 4.1117735 1.5602838
2.7566667 3.1118 0.8794932
1.7990324 1.7912259 0.74941605
2.6190002 0.5057333 0.60167336
1.589032 0.0 0.48042902
2.7790318 0.0 0.3576
2.1914287 0.008607143 0.35418934
2.4074194 0.71138716 0.35166132
1.4313333 2.0286 0.5649933
2.5741937 3.3169358 2.8705964
1.9956666 4.2329 3.9693568
2.193226 4.5266447 3.2132416
2.6374195 4.1117735 1.7805418
0.6303333 3.1118 0.9558434
2.9925802 1.7912259 0.6800419
1.433 0.5057333 0.50338674
3.2635486 0.0 0.35914513
2.296774 0.0 0.2919129
2.260345 0.013206897 0.29233104
2.6461291 0.75122595 0.33428705
1.292 2.0733333 0.87111
2.5058067 3.3545487 3.3626418
1.5433333 4.2533336 4.6225767
1.8932259 4.524419 2.2384644
1.3474194 4.0871606 1.1533903
0.392 3.0717664 0.64542
0.07290322 1.7465485 0.4350645
0.586 0.4697333 0.30377334
1.9193549 0.0 0.25241613
3.070645 0.0 0.27394515
2.7996428 0.008607143 0.26764286
1.4370968 0.71138716 0.28704837
2.708667 2.0286 0.38301995
2.7706454 3.3169358 1.1401709
1.4110001 4.2329 4.1027727
0.45677418 4.5266447 2.484471
0.9119356 4.1117735 1.0628
0.94100004 3.1118 0.61282
0.45161292 1.7912259 0.43449676
1.3143333 0.5057333 0.3509433
1.9819356 0.0 0.28357738
2.926129 0.0 0.23090969
1.5839285 0.008607143 0.22185358
2.7864518 0.71138716 0.22792582
2.2463336 2.0286 0.44441667
1.3122581 3.3169358 2.7512515
3.1069999 4.2329 3.7896934
1.1087098 4.5266447 3.007361
0.8067743 4.1117735 1.2515159
0.8520001 3.1118 0.69324005
0.92354834 1.7912259 0.4616452
0.7716666 0.5057333 0.35826337
1.4380643 0.0 0.30033222
1.0416129 0.0 0.26012582
1.8782141 0.008607143 0.26407143
2.2158062 0.71138716 0.2870677
1.0443332 2.0286 0.3654433
2.4787095 3.3169358 1.475958
1.5486668 4.2329 3.5776796
1.2332258 4.5266447 2.0433807
0.7964517 4.1117735 1.0260355
1.3116666 3.1118 0.5858499
1.6625806 1.7912259 0.4362387
2.695333 0.5057333 0.34571007
5.6270957 0.0 0.33472908
2.7738712 0.0 0.36330003
1.3044827 0.013206897 0.3571448
1.7680646 0.75122595 0.38939035
2.6983333 2.0733333 0.6474001
1.5564516 3.3545487 3.1632416
0.7503334 4.2533336 5.9651937
1.1916131 4.524419 2.7119386
0.956129 4.0871606 1.2424741
0.8103333 3.0717664 0.69899005
1.3612903 1.7465485 0.4817097
1.1106666 0.4697333 0.39680666
1.8206451 0.0 0.3046161
1.9867746 0.0 0.23992902
2.3064287 0.008607143 0.27537856
2.1119356 0.71138716 0.3467581
2.53 2.0286 0.36366665
2.9461288 3.3169358 2.2007678
2.645333 4.2329 4.666917
0.88741946 4.5266447 2.5417867
1.3445162 4.1117735 1.1740388
0.7673333 3.1118 0.7218967
1.3654836 1.7912259 0.5235742
1.2436665 0.5057333 0.38176334
1.8758063 0.0 0.29630965
1.2003225 0.0 0.23485807
1.582857 0.008607143 0.2757893
1.2225806 0.71138716 0.30011615
2.118 2.0286 0.35743004
1.5390322 3.3169358 2.5302289
2.2683334 4.2329 2.9099631
1.5612903 4.5266447 1.3559064
1.2048386 4.1117735 0.766571
0.8620001 3.1118 0.49356997
0.50806457 1.7912259 0.35572258
2.8426664 0.5057333 0.31172335
1.4735485 0.0 0.27902904
1.8225807 0.0 0.22303228
2.8582141 0.008607143 0.19602145
1.3409679 0.71138716 0.22415484
1.6156666 2.0286 0.38397667
3.4112906 3.3169358 1.2262322
1.9173334 4.2329 4.9050627
0.79032266 4.5266447 2.409442
0.9058065 4.1117735 1.0502774
1.6666666 3.1118 0.6388368
1.8590323 1.7912259 0.55185485
1.1636668 0.5057333 0.41264
0.5164516 0.0 0.3307452
1.2248386 0.0 0.3011387
2.4486203 0.013206897 0.29223102
1.9929032 0.75122595 0.33803874
2.4716668 2.0733333 0.56656
1.626129 3.3545487 1.4886
1.6946665 4.2533336 3.1957028
0.61129034 4.524419 1.3498805
1.8058064 4.0871606 0.75636435
0.4316667 3.0717664 0.50818664
1.7380644 1.7465485 0.40369356
1.7933333 0.4697333 0.31779
1.2087097 0.0 0.2607613
0.38193548 0.0 0.23799357
2.2321427 0.008607143 0.2697286
1.1541936 0.71138716 0.28430322
1.5149997 2.0286 0.30787998
2.3783875 3.3169358 1.5844034
0.6773335 4.2329 3.5131934
1.3693547 4.5266447 1.323897
2.2799995 4.1117735 0.7109
3.9513335 3.1118 0.64241993
2.2229033 1.7912259 0.6176419
1.7276667 0.5057333 0.49141666
2.1325808 0.0 0.3515258
3.2193549 0.0 0.2971097
3.6782146 0.008607143 0.34875712
1.5654839 0.71138716 0.3717
1.194 2.0286 0.86618334
3.189355 3.3169358 2.6795774
2.1610003 4.2329 4.8645625
2.0929031 4.5266447 2.861093
1.4990323 4.1117735 1.3661194
1.273 3.1118 0.78660995
0.7409678 1.7912259 0.5845904
2.764 0.5057333 0.45293337
0.7441937 0.0 0.37045804
2.8803225 0.0 0.24564518
1.6639287 0.008607143 0.29789644
1.2164518 0.71138716 0.32506454
2.8483336 2.0286 0.39871672
3.33 3.3169358 2.353187
3.1903331 4.2329 4.650023
0.68709683 4.5266447 2.3078322
0.9332258 4.1117735 1.0457547
3.082667 3.1118 0.7138567
0.916129 1.7912259 0.5068742
1.6059998 0.5057333 0.41353336
1.5664517 0.0 0.32875484
2.3535488 0.0 0.25851932
1.7713792 0.013206897 0.2194862
1.5835484 0.75122595 0.20151289
1.866 2.0733333 0.3926567
2.1909678 3.3545487 1.9555581
3.8930001 4.2533336 4.760993
1.2006453 4.524419 3.377255
1.1941936 4.0871606 1.3989356
0.24733336 3.0717664 0.75173
1.8612903 1.7465485 0.49874517
2.4020002 0.4697333 0.41917667
4.4703226 0.0 0.35305163
3.9745157 0.0 0.32426447
1.3967857 0.008607143 0.30688572
0.8829033 0.71138716 0.30152902
2.5823336 2.0286 0.5537435
1.9803225 3.3169358 1.8972292
2.8226666 4.2329 5.9292397
1.2412906 4.5266447 4.0482354
1.6503226 4.1117735 1.7736999
2.3293335 3.1118 1.0409466
0.46677417 1.7912259 0.7844419
1.5756665 0.5057333 0.56294996
1.6764517 0.0 0.410329
1.4232259 0.0 0.311658
1.1953572 0.008607143 0.27375358
1.3038712 0.71138716 0.3146
1.9276669 2.0286 0.5069834
1.7316128 3.3169358 2.3885548
1.8883332 4.2329 2.9313064
0.75645167 4.5266447 1.593229
1.1009676 4.1117735 0.84719044
2.6936667 3.1118 0.60083
0.7835485 1.7912259 0.4414452
2.4029999 0.5057333 0.36214334
2.2993548 0.0 0.28765485
3.4696777 0.0 0.30454195
1.9021429 0.008607143 0.34295005
2.6596773 0.71138716 0.33680642
1.8623334 2.0286 0.37092337
2.086129 3.3169358 1.938142
3.3196669 4.2329 5.729087
2.1954837 4.5266447 3.8736773
0.547742 4.1117735 1.4252646
1.1666666 3.1118 0.7432266
3.393871 1.7912259 0.6319065
1.785 0.5057333 0.45868003
3.705161 0.0 0.36860642
3.137097 0.0 0.3088935
1.5117241 0.013206897 0.35432073
1.178387 0.75122595 0.37273872
1.3243334 2.0733333 0.40033004
2.1706455 3.3545487 1.4789611
4.0533338 4.2533336 4.9243703
0.723871 4.524419 2.8762934
3.976129 4.0871606 1.6752223
2.1166666 3.0717664 1.1532533
1.3693547 1.7465485 0.7991613
2.7123334 0.4697333 0.59388
1.9083871 0.0 0.43275163
3.9309673 0.0 0.38301608
1.5967857 0.008607143 0.42275003
0.49161294 0.71138716 0.42081293
1.5159999 2.0286 0.8174067
1.4612905 3.3169358 3.4725935
4.269 4.2329 3.6581
1.1341937 4.5266447 2.440058
0.7070968 4.1117735 1.0799742
1.1816666 3.1118 0.6317466
1.349355 1.7912259 0.5000065
1.0993333 0.5057333 0.4032267
1.4319354 0.0 0.3280645
2.560645 0.0 0.3068548
0.9657143 0.008607143 0.33395714
2.2919352 0.71138716 0.3392161
2.3043334 2.0286 0.35525
2.5312905 3.3169358 1.926742
2.2019997 4.2329 5.3827033
1.6964515 4.5266447 3.0940065
1.1245161 4.1117735 1.2692677
2.5143335 3.1118 0.83095664
1.3538711 1.7912259 0.60244507
2.2926667 0.5057333 0.47257993
2.4270964 0.0 0.4080807
3.0225806 0.0 0.39155808
2.5514283 0.008607143 0.41066787
2.044839 0.71138716 0.3995033
2.3313336 2.0286 0.49607995
1.7280645 3.3169358 2.416165
1.3940002 4.2329 6.1198063
0.956129 4.5266447 3.964852
1.303871 4.1117735 1.6672194
2.2526667 3.1118 0.9507033
1.5841935 1.7912259 0.6712322
1.7773334 0.5057333 0.50998664
2.6451619 0.0 0.3503258
3.06871 0.0 0.3227742
1.9668965 0.013206897 0.2992932
1.5935484 0.75122595 0.43674186
1.3923331 2.0733333 0.57302666
1.3593551 3.3545487 2.3318388
2.298 4.2533336 6.1341767
1.7241936 4.524419 2.7978778
2.2258065 4.0871606 1.3316711
3.572667 3.0717664 0.9867667
2.1519349 1.7465485 0.87351614
0.95600003 0.4697333 0.62732327
1.9603226 0.0 0.44527736
1.4832257 0.0 0.41025478
1.0714285 0.008607143 0.3994893
1.3916129 0.71138716 0.3772452
1.6393332 2.0286 0.38057005
1.4703225 3.3169358 1.7986357
1.5026666 4.2329 3.4185097
1.2125806 4.5266447 1.7259128
1.4951614 4.1117735 0.88407093
2.363 3.1118 0.60671
1.1516129 1.7912259 0.48529676
2.286 0.5057333 0.45677
1.6032258 0.0 0.36900645
1.9777418 0.0 0.26171613
0.9542856 0.008607143 0.26875362
3.9345162 0.71138716 0.30448386
1.3556666 2.0286 0.60743004
1.9167742 3.3169358 1.9990675
1.2693332 4.2329 7.157517
0.9158064 4.5266447 3.9276226
1.6793549 4.1117735 1.4585677
0.5263333 3.1118 0.7610833
2.0625808 1.7912259 0.5467838
0.82899994 0.5057333 0.41701332
1.6974193 0.0 0.34596136
3.2912905 0.0 0.2752161
2.1407142 0.008607143 0.2594286
2.2335486 0.71138716 0.34080005
2.2036667 2.0286 0.37532666
2.3925805 3.3169358 0.9256968
2.02 4.2329 4.1741962
2.5558064 4.5266447 4.4854035
1.1135483 4.1117735 1.5716449
0.58000004 3.1118 0.8365934
2.7996778 1.7912259 0.6298161
2.8343337 0.5057333 0.51059
2.092258 0.0 0.41175812
2.0596774 0.0 0.38947418
2.6048276 0.013206897 0.35756898
1.8312901 0.75122595 0.36730322
2.1266668 2.0733333 0.50819004
1.3035485 3.3545487 3.173116
2.365 4.2533336 5.1669564
1.1667742 4.524419 3.1210256
1.2858064 4.0871606 1.3825837
2.1003335 3.0717664 0.8136966
1.1416129 1.7465485 0.5982709
0.5553333 0.4697333 0.41841
0.86354846 0.0 0.33293223
1.6519357 0.0 0.2688226
0.57464284 0.008607143 0.27576068
1.922903 0.71138716 0.3024871
0.5043333 2.0286 0.618
3.3780644 3.3169358 1.3787711
1.900333 4.2329 2.4407332
2.0761292 4.5266447 0.97906137
2.765484 4.1117735 0.6152001
1.7830001 3.1118 0.49654663
1.0464516 1.7912259 0.44238394
2.4406667 0.5057333 0.33672336
4.174516 0.0 0.27863547
3.0564516 0.0 0.24914515
3.5539284 0.008607143 0.257825
0.97096777 0.71138716 0.36807418
1.8156666 2.0286 0.5737433
3.3216126 3.3169358 1.8748481
1.0833334 4.2329 4.7165437
1.5180647 4.5266447 3.3655388
1.1067743 4.1117735 1.4689968
2.0376666 3.1118 0.8874099
0.5270968 1.7912259 0.5879516
3.165333 0.5057333 0.44574672
3.541936 0.0 0.35562256
2.701613 0.0 0.2796581
2.7996428 0.008607143 0.23658215
1.5374191 0.71138716 0.27638385
1.2476667 2.0286 0.46768004
1.3990324 3.3169358 1.9755323
2.0010002 4.2329 3.7941334
0.7725806 4.5266447 1.9584677
2.1132257 4.1117735 0.9349838
0.27300003 3.1118 0.57278997
1.6806452 1.7912259 0.4107129
1.3639998 0.5057333 0.31730327
0.9593548 0.0 0.2582742
3.3822582 0.0 0.22150968
2.7534485 0.013206897 0.2564793
2.8977418 0.75122595 0.2885774
0.8816667 2.0733333 0.5532633
3.925484 3.3545487 2.4093258
1.7676667 4.2533336 2.9616232
1.8735486 4.524419 1.8312356
1.9809678 4.0871606 0.9618968
2.1876664 3.0717664 0.78385663
0.6283872 1.7465485 0.5563871
2.2233331 0.4697333 0.43062
2.0561292 0.0 0.36150965
0.91032255 0.0 0.3046903
2.394643 0.008607143 0.29694286
1.68 0.71138716 0.3012677
1.7089999 2.0286 0.54981667
5.435483 3.3169358 2.2174807
2.682 4.2329 3.7784362
1.197742 4.5266447 1.8535036
0.5745161 4.1117735 0.8805837
0.8966667 3.1118 0.5091367
2.1841936 1.7912259 0.41477418
2.5536664 0.5057333 0.33696666
3.3587093 0.0 0.29127425
2.6903224 0.0 0.22401293
1.6207145 0.008607143 0.22125359
3.2474196 0.71138716 0.24410647
2.6660004 2.0286 0.44360003
2.2670968 3.3169358 1.912071
2.5936666 4.2329 4.72829
2.0148387 4.5266447 4.7680645
1.3361291 4.1117735 2.045116
2.2503333 3.1118 1.0378232
1.4090322 1.7912259 0.7475548
1.7706666 0.5057333 0.55181664
2.132258 0.0 0.42864195
0.9087098 0.0 0.39874837
2.0557144 0.008607143 0.37218925
2.187742 0.71138716 0.37885487
1.352 2.0286 0.40219995
1.4948386 3.3169358 1.2642839
1.972 4.2329 3.6672068
2.4506447 4.5266447 2.7142549
1.616774 4.1117735 1.309287
3.0746665 3.1118 0.79464334
2.2880647 1.7912259 0.8182935
3.3646667 0.5057333 0.7045033
2.6809678 0.0 0.51209354
1.1825805 0.0 0.44249356
1.4813794 0.013206897 0.40803796
1.3951613 0.75122595 0.39852262
2.2270002 2.0733333 0.49163666
2.2638712 3.3545487 2.0954645
1.8293334 4.2533336 4.1314063
2.3577418 4.524419 2.8880098
2.0619357 4.0871606 1.4235322
2.1910002 3.0717664 0.83239335
1.1651613 1.7465485 0.61229354
2.1483333 0.4697333 0.5057833
1.7587095 0.0 0.39958385
0.9948388 0.0 0.37302902
1.6817857 0.008607143 0.36469293
2.5458064 0.71138716 0.3684
0.9653333 2.0286 0.6214466
2.2012904 3.3169358 2.6448903
1.4563332 4.2329 2.756187
2.548387 4.5266447 1.4275903
1.1725807 4.1117735 0.87211937
2.8580003 3.1118 0.64111006
1.4116127 1.7912259 0.50977093
3.3006663 0.5057333 0.37826332
1.5025804 0.0 0.3051129
1.5612904 0.0 0.301
4.975357 0.008607143 0.37085357
1.7993549 0.71138716 0.48609674
2.9999998 2.0286 0.8152567
1.4674194 3.3169358 2.2015903
1.9646667 4.2329 5.730276
2.6425805 4.5266447 2.506861
1.7799999 4.1117735 1.3205323
2.3419998 3.1118 0.8399432
0.94870967 1.7912259 0.6245968
2.7013335 0.5057333 0.4850567
0.58193547 0.0 0.36910647
1.3835484 0.0 0.3465
1.1203572 0.008607143 0.3518714
1.3780643 0.71138716 0.32138386
0.7456666 2.0286 0.73928666
3.7351613 3.3169358 1.9650838
1.5616667 4.2329 1.6776097
3.6351616 4.5266447 1.0439031
1.5129033 4.1117735 0.65185803
0.24400002 3.1118 0.42711338
0.07290322 1.7912259 0.30468708
1.5129998 0.5057333 0.26486668
1.7419356 0.0 0.22480324
2.1470966 0.0 0.1738645
1.798276 0.013206897 0.17468277
1.7874193 0.75122595 0.25868386
3.0906668 2.0733333 0.5370167
2.9667742 3.3545487 2.1703744
0.77499986 4.2533336 2.5513566
0.45774195 4.524419 0.9830063
0.29483873 4.0871606 0.52530974
0.736 3.0717664 0.3371067
0.5535484 1.7465485 0.28098708
4.1663337 0.4697333 0.25243336
1.3464516 0.0 0.22580644
2.8067744 0.0 0.18565482
1.9057143 0.008607143 0.16146784
4.3419356 0.71138716 0.21752582
1.9656665 2.0286 0.84657675
3.026452 3.3169358 2.8472931
1.6236665 4.2329 3.638443
1.1703225 4.5266447 1.855942
1.4874195 4.1117735 0.9507613
0.99633324 3.1118 0.5822566
2.266774 1.7912259 0.49238065
2.2873333 0.5057333 0.40690336
2.303871 0.0 0.32869357
2.7561288 0.0 0.30701286
1.5085715 0.008607143 0.29240003
1.3087096 0.71138716 0.33672255
2.586 2.0286 1.27347
2.9651616 3.3169358 1.9024484
1.5446666 4.2329 3.7706435
1.2845163 4.5266447 2.1084516
1.4954839 4.1117735 1.0283515
0.9566667 3.1118 0.6419467
2.492258 1.7912259 0.5093161
2.1000001 0.5057333 0.42195004
1.9616129 0.0 0.29330647
1.4967742 0.0 0.23423871
1.1035713 0.008607143 0.23435357
3.1790323 0.71138716 0.30366454
3.2016673 2.0286 0.50746334
4.4796777 3.3169358 2.8833706
1.2063333 4.2329 4.6526566
0.7261291 4.5266447 2.0353837
1.0664517 4.1117735 1.0154806
2.1976666 3.1118 0.66255337
2.1474195 1.7912259 0.4792613
3.2466664 0.5057333 0.40858996
1.55 0.0 0.34436452
0.65774196 0.0 0.30543867
1.4489655 0.013206897 0.30472413
1.2364515 0.75122595 0.35255483
2.9900002 2.0733333 1.0202
2.0367742 3.3545487 3.0770645
4.6046667 4.2533336 2.5273933
2.0922582 4.524419 1.6773132
0.6864516 4.0871606 0.8105258
1.9750001 3.0717664 0.5672833
1.5867741 1.7465485 0.4727742
2.0289998 0.4697333 0.38177663
3.2500005 0.0 0.28875163
1.8248388 0.0 0.23649034
1.6850001 0.008607143 0.21344641
1.9296775 0.71138716 0.2502581
3.576667 2.0286 0.48696664
2.901935 3.3169358 3.888526
3.2496657 4.2329 4.1697636
2.8961291 4.5266447 2.440413
1.2754837 4.1117735 1.3563775
0.5183333 3.1118 0.7357967
1.3803227 1.7912259 0.532613
1.1543331 0.5057333 0.37920335
1.5780646 0.0 0.32360646
2.2364519 0.0 0.2924226
3.5182147 0.008607143 0.2639857
1.2258065 0.71138716 0.32265803
1.5823332 2.0286 0.84123665
2.3003228 3.3169358 3.0481935
2.1573334 4.2329 2.278793
1.1819357 4.5266447 1.0652387
0.6809679 4.1117735 0.58829343
0.6616667 3.1118 0.38782674
2.8435483 1.7912259 0.3629065
2.7966666 0.5057333 0.30067998
2.7093554 0.0 0.26737747
2.4183874 0.0 0.22398709
1.8107141 0.008607143 0.25726074
3.718064 0.71138716 0.33774516
2.8516667 2.0286 0.47441337
2.060645 3.3169358 1.9603289
2.3483338 4.2329 4.723483
1.9119353 4.5266447 3.1340256
1.4774193 4.1117735 1.4401256
1.3509998 3.1118 0.79678994
2.3193545 1.7912259 0.5872613
4.488333 0.5057333 0.4697
2.7145164 0.0 0.43844512
3.729033 0.0 0.40466768
2.83069 0.013206897 0.38546893
3.1177418 0.75122595 0.39987424
2.3893332 2.0733333 0.69876
4.645161 3.3545487 2.881507
1.04 4.2533336 7.595227
0.8309677 4.524419 3.4320033
0.6293549 4.0871606 1.4230645
1.7726667 3.0717664 0.7783433
1.6841936 1.7465485 0.55511934
3.968333 0.4697333 0.49703673
6.6861286 0.0 0.38940644
4.6225805 0.0 0.48936132
2.502857 0.008607143 0.48168215
2.3725808 0.71138716 0.4948129
2.5563338 2.0286 0.6945633
2.1435483 3.3169358 4.1957903
2.549 4.2329 8.104601
2.4851608 4.5266447 3.5323193
1.9480646 4.1117735 1.7344966
2.256 3.1118 1.0462166
2.4996777 1.7912259 0.77595824
1.6023333 0.5057333 0.59603995
1.6335486 0.0 0.4811226
3.9187093 0.0 0.44782266
1.167857 0.008607143 0.43355364
2.225161 0.71138716 0.4327548
1.522 2.0286 0.63223004
1.8074195 3.3169358 2.8578577
4.5726676 4.2329 3.68135
1.2425807 4.5266447 2.8753679
1.140645 4.1117735 1.2157902
1.6606668 3.1118 0.75520337
1.0016128 1.7912259 0.55547416
3.762333 0.5057333 0.47881004
2.7874193 0.0 0.39911616
3.9135487 0.0 0.40246776
3.5725002 0.008607143 0.39512148
1.3264514 0.71138716 0.4235871
2.3363333 2.0286 0.59365
2.8025806 3.3169358 2.7356036
2.4543333 4.2329 5.3671136
0.7283872 4.5266447 3.0957549
2.0909674 4.1117735 1.4216707
1.1333333 3.1118 0.84210324
0.682258 1.7912259 0.533542
1.7333335 0.5057333 0.41565332
2.4938712 0.0 0.35289678
2.763548 0.0 0.3426452
2.7082756 0.013206897 0.34725168
1.9929034 0.75122595 0.35516775
1.6243331 2.0733333 0.8182233
3.4299998 3.3545487 3.0448163
1.9760001 4.2533336 3.6679304
0.7003226 4.524419 1.4667938
0.88032264 4.0871606 0.7250517
1.369 3.0717664 0.47428
1.9903227 1.7465485 0.4288129
1.1833333 0.4697333 0.32314333
2.0454838 0.0 0.25700325
0.6377419 0.0 0.24378066
1.7735713 0.008607143 0.24259286
1.5187099 0.71138716 0.30682582
2.5583334 2.0286 0.5103767
1.913226 3.3169358 2.4529321
2.43 4.2329 1.9035432
1.4141935 4.5266447 1.016871
0.35870966 4.1117735 0.56173545
0.91800016 3.1118 0.38308004
2.0954838 1.7912259 0.31234843
1.746 0.5057333 0.29578003
2.274194 0.0 0.22894193
