1.2735484 0.2986129 0.996642
7.154483 0.90044826 3.5849206
5.507419 1.9440323 5.3480844
3.151333 3.1719334 2.1817899
4.5374193 4.2422905 1.0644001
2.0096664 4.871267 0.10852667
3.3074195 4.8849993 0.09537742
3.2864516 4.2703547 0.0828387
0.6156667 3.2103002 0.022836667
2.3893552 1.9821935 0.012712902
6.0519996 0.91553336 0.38389668
2.8406453 0.29861292 0.5059742
9.270644 0.2986129 3.4042583
2.8825002 0.8849643 4.9775186
5.1564507 1.9049355 2.9174485
3.0236664 3.1323667 2.2011194
3.5900004 4.212903 1.4581096
4.4083333 4.859866 0.8620433
3.7341938 4.894709 0.2597226
3.2183867 4.2987742 0.115164526
2.1173334 3.2495337 0.057829995
8.13 2.0216453 1.234142
0.30233335 0.94470006 0.65463674
4.438388 0.30964515 1.4971356
9.444192 0.2986129 6.523813
6.5046434 0.8849643 7.555564
4.4377418 1.9049355 3.0411036
2.7293332 3.1323667 1.8504398
6.2570963 4.212903 2.990287
2.1 4.859866 0.31073338
4.3158064 4.894709 0.080661304
7.377419 4.2987742 0.28616452
5.3343334 3.2495337 2.0395565
1.4167743 2.0216453 0.3448226
1.9763333 0.94470006 0.23305003
1.4025806 0.30964515 0.3035774
5.30871 0.2986129 2.991574
5.513928 0.8849643 2.3997896
2.0341935 1.9049355 1.6081226
3.8133337 3.1323667 1.7910331
1.5496773 4.212903 0.8713935
4.7793336 4.859866 0.23581333
5.058709 4.894709 0.79083556
1.440645 4.2987742 0.1310645
3.5640001 3.2495337 0.06326333
3.2887096 2.0216453 0.04100968
3.249 0.94470006 0.30243003
4.373549 0.30964515 1.3569968
4.2312903 0.2986129 1.9081128
3.906207 0.90044826 2.2378447
4.44613 1.9440323 2.8197224
4.621333 3.1719334 3.3233197
3.6280644 4.2422905 0.9327935
0.23533334 4.871267 0.17561668
1.7725805 4.8849993 0.03134516
2.1541934 4.2703547 0.03218387
2.422 3.2103002 0.03915667
0.5341935 1.9821935 0.019200003
6.6349998 0.91553336 0.106396675
4.188387 0.29861292 1.3156353
4.2874193 0.2986129 0.961587
3.4610717 0.8849643 2.9088924
6.4606447 1.9049355 3.8544323
6.617667 3.1323667 2.69295
7.2548385 4.212903 6.9630613
0.5273334 4.859866 0.15165666
3.5448382 4.894709 0.08698065
1.0987097 4.2987742 0.033548392
0.9479999 3.2495337 0.015006664
0.90838706 2.0216453 0.010929031
1.7996668 0.94470006 0.025236666
2.9819353 0.30964515 0.066070974
5.99258 0.2986129 0.66865486
2.455714 0.8849643 0.8233322
1.552258 1.9049355 0.3865484
3.9863336 3.1323667 0.46793002
4.5025806 4.212903 2.1262875
0.8576667 4.859866 0.06625
1.2009674 4.894709 0.014693545
0.41741937 4.2987742 0.004764517
2.1623335 3.2495337 0.0022466662
3.4619358 2.0216453 0.024306454
1.2706666 0.94470006 0.077416666
3.6567745 0.30964515 0.107883856
1.561613 0.2986129 0.29064518
4.3025002 0.8849643 0.83869994
4.975161 1.9049355 2.0947325
3.5263333 3.1323667 2.2267566
5.902258 4.212903 0.2968774
2.376 4.859866 1.0725766
2.6903224 4.894709 0.120141946
2.3193545 4.2987742 0.06444194
3.6313334 3.2495337 0.018609995
1.6338707 2.0216453 0.1381032
1.5523334 0.94470006 0.045173336
1.3080643 0.30964515 0.09556773
3.6838708 0.2986129 0.06450322
8.69931 0.90044826 5.0016413
2.5861287 1.9440323 1.2574838
4.1256666 3.1719334 1.0308367
2.4241934 4.2422905 1.2880129
3.2833333 4.871267 0.090299994
3.0964513 4.8849993 0.08132257
2.2306452 4.2703547 0.02167097
0.40133336 3.2103002 0.011580001
2.611613 1.9821935 0.008770969
3.943 0.91553336 0.06490667
2.2987094 0.29861292 0.10393225
5.9948387 0.2986129 0.33318385
4.293214 0.8849643 4.135167
4.629678 1.9049355 1.7689935
10.516334 3.1323667 5.55076
6.6354837 4.212903 4.6817613
3.7816665 4.859866 2.3867934
3.1638713 4.894709 0.10695483
3.6174192 4.2987742 0.37947422
3.8930001 3.2495337 0.13876335
5.0651608 2.0216453 0.5586355
8.051666 0.94470006 4.3805494
3.1848385 0.30964515 2.2866967
3.1335483 0.2986129 2.0568743
1.4042856 0.8849643 1.0942285
3.9470966 1.9049355 1.8344678
6.9793334 3.1323667 2.4684198
7.1458073 4.212903 9.706043
5.502667 4.859866 0.5975067
3.295484 4.894709 0.48335487
3.175806 4.2987742 0.41014838
6.8523335 3.2495337 0.8478433
0.7725807 2.0216453 0.32957745
4.410667 0.94470006 0.6934
0.957742 0.30964515 0.4364968
2.1480641 0.2986129 1.0615387
5.668214 0.8849643 3.125882
3.336129 1.9049355 2.2773714
3.003 3.1323667 1.45588
2.0941937 4.212903 0.20072903
5.0153337 4.859866 0.7378833
4.1777415 4.894709 0.23355807
2.3590322 4.2987742 0.10833551
4.1759996 3.2495337 0.10137
2.175806 2.0216453 0.19577417
2.0596669 0.94470006 0.16555333
6.4577427 0.30964515 1.9256709
3.5690324 0.2986129 2.7640188
3.1679306 0.90044826 1.9882655
2.930968 1.9440323 3.1360548
1.4449999 3.1719334 0.41160667
4.621613 4.2422905 1.1333934
5.763 4.871267 0.4183567
1.7383872 4.8849993 1.4198161
2.1770968 4.2703547 0.057119366
3.5553334 3.2103002 0.03651333
2.6612904 1.9821935 0.09559033
2.200333 0.91553336 0.16616
5.0787096 0.29861292 0.6269902
0.7393549 0.2986129 0.6085128
4.5385714 0.8849643 1.5906216
7.3167744 1.9049355 2.8429189
2.6886663 3.1323667 5.4623103
4.5645156 4.212903 1.5931518
2.199 4.859866 0.2584733
3.843226 4.894709 0.10505484
3.440968 4.2987742 0.098809674
2.3766668 3.2495337 0.06436999
0.6919355 2.0216453 0.04619356
5.451667 0.94470006 0.36195335
5.937742 0.30964515 2.8311903
5.023548 0.2986129 2.758629
6.164643 0.8849643 2.444843
3.9729033 1.9049355 4.4048157
2.7659998 3.1323667 1.7911103
1.1041936 4.212903 0.9051289
4.240333 4.859866 0.28743
2.3806455 4.894709 0.056793552
3.0296774 4.2987742 0.045574192
4.308667 3.2495337 0.22362666
3.870645 2.0216453 0.20972255
1.7403332 0.94470006 0.11646667
1.3067743 0.30964515 0.14269033
0.8580645 0.2986129 0.17685162
2.794643 0.8849643 0.25020358
3.4119353 1.9049355 1.8188292
3.8403335 3.1323667 0.4130933
1.8709677 4.212903 0.78484184
2.2139997 4.859866 0.067313336
5.5870976 4.894709 0.3626097
1.0470967 4.2987742 0.059709683
1.424 3.2495337 0.024686668
0.1116129 2.0216453 0.011464515
4.516 0.94470006 0.11479665
2.52871 0.30964515 0.20166776
0.99129045 0.2986129 0.104148395
2.6917243 0.90044826 0.41792068
6.083549 1.9440323 2.3257613
8.919001 3.1719334 3.7748036
1.2870969 4.2422905 2.231142
0.74966663 4.871267 0.051070016
2.7029035 4.8849993 0.02974516
3.4958062 4.2703547 0.019038705
5.05 3.2103002 0.06654333
0.47225803 1.9821935 0.064083874
3.04 0.91553336 0.08003999
3.3145163 0.29861292 0.38850972
3.8851616 0.2986129 0.95934194
5.6457133 0.8849643 3.2803001
4.1687093 1.9049355 1.4582163
0.9993334 3.1323667 1.9204801
3.610646 4.212903 0.22396128
3.1706667 4.859866 0.18120335
2.7677417 4.894709 0.050367754
3.1674194 4.2987742 0.03248388
6.208 3.2495337 0.16891
0.29516128 2.0216453 0.12429034
1.326 0.94470006 0.04067001
2.0877416 0.30964515 0.059348386
3.150645 0.2986129 0.3315613
4.4078574 0.8849643 1.7251357
0.7041935 1.9049355 0.50673544
9.158667 3.1323667 1.00742
2.2464514 4.212903 4.7590785
0.53533334 4.859866 0.07221333
2.4158065 4.894709 0.023629028
7.7774196 4.2987742 0.49661937
1.9756668 3.2495337 0.2160633
2.240968 2.0216453 0.1279129
1.9600003 0.94470006 0.09123667
3.6822584 0.30964515 0.16523226
1.6509677 0.2986129 0.7571677
1.8785716 0.8849643 0.62033564
2.6296773 1.9049355 1.0351192
5.67 3.1323667 0.6294734
7.5154834 4.212903 3.4955611
2.102 4.859866 0.6917433
4.6 4.894709 0.5476838
2.2019355 4.2987742 0.13988388
4.3476667 3.2495337 0.3314133
3.2312903 2.0216453 0.11229355
1.6973332 0.94470006 0.31655
5.441613 0.30964515 1.4452161
4.0158067 0.2986129 2.1359065
1.3175863 0.90044826 1.3674209
5.1648383 1.9440323 2.724242
4.4196672 3.1719334 2.0616834
10.747095 4.2422905 8.201348
3.3246665 4.871267 0.6294133
3.5061288 4.8849993 0.17219354
1.7625804 4.2703547 0.13778712
4.166333 3.2103002 0.06438334
3.0296774 1.9821935 0.27450317
4.4810004 0.91553336 0.107913345
3.9564512 0.29861292 1.186229
6.1983876 0.2986129 1.1785351
2.7182145 0.8849643 5.88928
3.24129 1.9049355 1.6103257
2.3199997 3.1323667 1.6236969
3.4183872 4.212903 0.3296613
2.944333 4.859866 0.27574337
3.377097 4.894709 0.06895806
2.011613 4.2987742 0.11798386
1.2833333 3.2495337 0.032726668
3.2064517 2.0216453 0.021132257
3.9039998 0.94470006 0.23086667
6.0996766 0.30964515 0.42229676
0.7864517 0.2986129 2.110455
4.3082137 0.8849643 1.4744533
4.6483874 1.9049355 3.9064999
7.258333 3.1323667 2.0704498
1.2770967 4.212903 2.4929998
2.0803332 4.859866 0.1177
2.8964517 4.894709 0.039241936
2.7177417 4.2987742 0.03539033
2.2919998 3.2495337 0.023656664
5.565807 2.0216453 0.04985807
1.9669997 0.94470006 0.61559665
2.942258 0.30964515 0.3573258
2.1261292 0.2986129 0.71188694
2.6475005 0.8849643 0.70337147
2.8841932 1.9049355 0.92386454
1.6813332 3.1323667 0.3153
3.635484 4.212903 0.4016935
3.2106671 4.859866 0.10427335
4.9009676 4.894709 0.24991935
4.672904 4.2987742 0.7112484
0.7293332 3.2495337 0.05517667
1.9177419 2.0216453 0.032103222
2.6069996 0.94470006 0.052846666
5.8022575 0.30964515 1.0411226
2.7758062 0.2986129 0.99083227
0.9068966 0.90044826 0.4748483
2.6290324 1.9440323 0.4970258
1.9 3.1719334 0.28944334
1.8854837 4.2422905 0.29824844
3.3576667 4.871267 0.03640667
2.6448386 4.8849993 0.04291613
1.8554839 4.2703547 0.018496772
4.5746665 3.2103002 0.028933333
6.993871 1.9821935 0.06641936
6.311666 0.91553336 2.9460301
5.774516 0.29861292 3.863474
5.116774 0.2986129 3.014861
2.7260711 0.8849643 3.7607465
8.155482 1.9049355 4.4113774
9.713 3.1323667 7.386253
3.330968 4.212903 2.578681
3.699 4.859866 0.40196
5.450968 4.894709 0.16574839
1.4367741 4.2987742 0.36219034
6.147 3.2495337 0.7117999
4.753871 2.0216453 0.43271932
7.158333 0.94470006 1.1225232
4.5322585 0.30964515 6.005506
5.1745157 0.2986129 4.3275194
2.6889286 0.8849643 2.273682
1.9490323 1.9049355 1.5610193
5.9740005 3.1323667 1.9837469
5.8516126 4.212903 2.166097
7.015 4.859866 5.4040103
2.614516 4.894709 0.121406466
5.095484 4.2987742 0.12560321
4.618334 3.2495337 1.2414832
3.2780645 2.0216453 0.19773225
5.849666 0.94470006 1.9800098
2.8793547 0.30964515 3.0252132
3.9248385 0.2986129 3.310326
4.386071 0.8849643 3.5988002
7.197742 1.9049355 3.693726
3.200333 3.1323667 2.9607832
6.2103224 4.212903 3.6973646
3.495334 4.859866 0.96566325
3.004839 4.894709 0.13257742
2.5599997 4.2987742 0.1552742
2.662333 3.2495337 0.067073345
1.171613 2.0216453 0.041664522
2.8160005 0.94470006 0.063319996
2.622258 0.30964515 0.14955805
2.420645 0.2986129 0.5168161
3.0996554 0.90044826 1.1843965
4.755161 1.9440323 2.5422068
1.4990001 3.1719334 0.76049685
4.178387 4.2422905 0.5625646
4.9396667 4.871267 0.9212401
2.2161286 4.8849993 0.7852291
1.4916128 4.2703547 0.047516126
2.3386664 3.2103002 0.063393325
4.556452 1.9821935 0.08663871
1.4936665 0.91553336 0.17953332
1.9767743 0.29861292 0.44289675
2.7125804 0.2986129 0.77700007
2.4757142 0.8849643 0.96908575
5.8609676 1.9049355 2.3941803
4.2696667 3.1323667 2.9800265
1.3841935 4.212903 0.6286935
3.5123334 4.859866 0.0452
3.8470967 4.894709 0.055064518
1.9087096 4.2987742 0.0641871
4.5453334 3.2495337 0.05425
1.0064516 2.0216453 0.03837743
6.4350004 0.94470006 0.33940327
1.4396775 0.30964515 0.52884513
5.0274196 0.2986129 0.8230193
1.5989286 0.8849643 1.5015823
2.824516 1.9049355 1.3991483
3.0643332 3.1323667 0.48627
5.7087092 4.212903 1.9231644
2.917 4.859866 0.34929335
1.6919357 4.894709 0.060777415
4.158387 4.2987742 0.017803226
4.6216664 3.2495337 0.53726995
1.1129032 2.0216453 0.07918388
6.058334 0.94470006 0.6952
7.08258 0.30964515 2.906787
3.317742 0.2986129 3.4310644
4.8942866 0.8849643 2.5722282
3.9954836 1.9049355 3.6740348
7.3313336 3.1323667 5.1697974
9.15742 4.212903 5.283323
3.3563337 4.859866 2.9796999
4.2916126 4.894709 0.21757743
2.7690322 4.2987742 0.30242577
3.9150002 3.2495337 0.30877337
2.800968 2.0216453 0.08346129
2.9853332 0.94470006 0.6932699
3.4825807 0.30964515 1.6435708
2.8425808 0.2986129 1.8416128
1.4737931 0.90044826 1.9372864
5.441936 1.9440323 2.975129
4.5 3.1719334 3.8816504
5.091291 4.2422905 2.6075451
0.9246667 4.871267 0.32287663
1.0770967 4.8849993 0.037212905
0.27322578 4.2703547 0.026587097
6.4046674 3.2103002 0.032739997
2.71871 1.9821935 0.2324613
4.1946664 0.91553336 0.5960234
1.5883871 0.29861292 0.79505485
1.1709677 0.2986129 0.19092257
3.635357 0.8849643 0.92778206
2.5812905 1.9049355 1.2541804
2.2559998 3.1323667 0.7138932
6.7729025 4.212903 1.0851806
5.584 4.859866 2.5827565
3.5035484 4.894709 0.44839355
2.6119354 4.2987742 0.07423871
1.8553332 3.2495337 0.035493333
4.9383864 2.0216453 0.09623549
1.2206668 0.94470006 0.10900333
0.6016129 0.30964515 0.10155484
4.8370967 0.2986129 0.34981936
2.896786 0.8849643 1.6068571
1.6445162 1.9049355 0.963742
5.8053336 3.1323667 2.3360667
3.226774 4.212903 0.8120355
4.971334 4.859866 0.4992033
2.933226 4.894709 0.30044192
2.6896772 4.2987742 0.1790613
0.926 3.2495337 0.039526664
3.244839 2.0216453 0.046612903
6.673667 0.94470006 0.32208332
10.2670965 0.30964515 5.932594
2.0454838 0.2986129 3.0348997
2.4214287 0.8849643 2.4183648
2.9103227 1.9049355 1.6098803
5.003 3.1323667 1.9251466
6.2545166 4.212903 5.0515966
2.9733336 4.859866 0.41085997
1.6912904 4.894709 0.13081613
1.467742 4.2987742 0.03169678
1.2186667 3.2495337 0.017076666
2.2693546 2.0216453 0.026438711
4.647001 0.94470006 0.08866667
6.857741 0.30964515 2.2589648
1.3677417 0.2986129 0.84525484
3.8441377 0.90044826 1.5749241
4.273871 1.9440323 2.8262875
2.8433335 3.1719334 2.739963
6.9461293 4.2422905 3.8316867
1.5180001 4.871267 0.21063001
3.6170962 4.8849993 0.06918709
4.6290326 4.2703547 0.4302581
3.1910002 3.2103002 0.13927667
11.516773 1.9821935 4.778239
5.067 0.91553336 2.2759697
3.8038716 0.29861292 3.2868488
2.7761288 0.2986129 1.5883031
3.125714 0.8849643 2.3563645
4.7445164 1.9049355 3.1332772
6.2320004 3.1323667 2.46751
1.833871 4.212903 2.677397
2.1233332 4.859866 0.15378332
2.1596773 4.894709 0.09092903
2.5719357 4.2987742 0.09194194
3.533667 3.2495337 0.10206
5.124516 2.0216453 0.24190968
4.4059997 0.94470006 0.44362333
2.9832256 0.30964515 1.8827585
0.2625807 0.2986129 0.2124258
3.2017848 0.8849643 1.44125
2.6216128 1.9049355 0.9391646
6.3083334 3.1323667 2.3683133
2.866129 4.212903 0.78510654
5.8386664 4.859866 1.7587333
0.62225807 4.894709 0.11895163
3.2774193 4.2987742 0.04642258
1.8039997 3.2495337 0.0132933315
4.9661293 2.0216453 0.08151935
5.5900006 0.94470006 0.95216334
3.3741937 0.30964515 2.2080028
1.9674194 0.2986129 0.95562917
6.6835713 0.8849643 1.9956678
2.28129 1.9049355 3.4306347
0.64333326 3.1323667 0.41714334
4.011936 4.212903 0.3121
3.0353334 4.859866 0.102560006
1.7948389 4.894709 0.07138388
1.6603227 4.2987742 0.017838707
3.9060004 3.2495337 0.046836667
1.4196775 2.0216453 0.022716127
9.104331 0.94470006 0.7307599
10.441289 0.30964515 4.272251
2.7654836 0.2986129 5.6821933
2.7327585 0.90044826 1.8579448
3.4780645 1.9440323 1.3685291
3.397667 3.1719334 1.6395801
1.0587096 4.2422905 0.18411615
1.5999998 4.871267 0.055776663
4.9509683 4.8849993 0.15888706
1.9658065 4.2703547 0.058651615
3.1419997 3.2103002 0.026659999
2.4825807 1.9821935 0.048396777
9.358999 0.91553336 0.8884033
3.1132257 0.29861292 1.6141226
3.3538713 0.2986129 2.7064195
8.8417845 0.8849643 6.180393
5.957742 1.9049355 3.6113226
2.3463333 3.1323667 3.384887
4.367741 4.212903 1.3804
5.8286667 4.859866 1.0204369
6.8329034 4.894709 3.7032065
1.228387 4.2987742 0.4285322
3.2836673 3.2495337 0.25803998
0.8754838 2.0216453 0.071725816
1.7220001 0.94470006 0.12642333
1.6925807 0.30964515 0.088529035
5.5999994 0.2986129 1.2749935
5.3707137 0.8849643 4.79555
8.192258 1.9049355 4.9517
5.8076673 3.1323667 3.911027
7.572581 4.212903 3.9097064
1.5423334 4.859866 1.15536
2.127097 4.894709 0.06582258
1.7403224 4.2987742 0.062348388
3.3223333 3.2495337 0.034366667
7.4890323 2.0216453 0.73122585
2.8683329 0.94470006 0.2709633
6.222581 0.30964515 1.4839549
4.8093553 0.2986129 5.150625
3.7885711 0.8849643 1.861007
2.6158066 1.9049355 2.2015674
10.707999 3.1323667 5.0215096
3.83258 4.212903 3.9694965
2.3153338 4.859866 0.2751434
3.0461287 4.894709 0.06883548
3.3967738 4.2987742 0.058774196
2.6416667 3.2495337 0.17020002
6.302258 2.0216453 0.051841937
4.4293337 0.94470006 1.3581933
4.287742 0.30964515 3.4494548
1.7758063 0.2986129 0.94530004
2.750345 0.90044826 1.1511033
5.0651617 1.9440323 3.178639
1.8510002 3.1719334 0.51450664
2.6841938 4.2422905 0.15891612
5.852333 4.871267 0.76022345
3.7690325 4.8849993 0.24634197
2.2567742 4.2703547 0.20298707
2.631667 3.2103002 0.057556674
0.98516124 1.9821935 0.037864525
4.241 0.91553336 0.20613
3.9519353 0.29861292 1.0071323
3.73871 0.2986129 1.3906871
2.489643 0.8849643 0.93642855
2.4606452 1.9049355 1.4111062
5.6213326 3.1323667 2.1014667
3.7019358 4.212903 1.735084
2.4389997 4.859866 0.30021665
1.0358065 4.894709 0.06930323
3.4996772 4.2987742 0.08455807
1.8093333 3.2495337 0.02882
4.910645 2.0216453 0.14872256
4.94 0.94470006 0.5503733
4.985806 0.30964515 2.9075868
4.714516 0.2986129 1.6097324
3.5457146 0.8849643 3.2565033
4.1777415 1.9049355 2.6467743
3.2853334 3.1323667 2.01635
4.1093545 4.212903 0.80893224
3.950333 4.859866 0.24535666
5.843871 4.894709 0.7260678
3.8651614 4.2987742 0.27607098
1.7440001 3.2495337 0.26617673
3.285484 2.0216453 0.1624742
4.8233333 0.94470006 0.9759267
3.7916126 0.30964515 1.7866225
4.3703227 0.2986129 2.3280098
2.8414288 0.8849643 0.9076393
3.418065 1.9049355 2.944709
4.789666 3.1323667 1.6847833
3.8374197 4.212903 0.87223566
1.991 4.859866 0.40798667
2.8500001 4.894709 0.19679032
0.77419347 4.2987742 0.042432267
1.8523334 3.2495337 0.016546665
2.4212904 2.0216453 0.028100004
2.2039998 0.94470006 0.10151334
3.4874196 0.30964515 0.15404195
2.1383874 0.2986129 0.2926903
2.0506897 0.90044826 0.23317587
2.9693546 1.9440323 0.5246097
3.2759998 3.1719334 0.9191899
4.340646 4.2422905 0.7000386
2.6969998 4.871267 0.49125993
5.825484 4.8849993 0.089283876
1.8135486 4.2703547 0.31851292
4.1433334 3.2103002 0.0662
4.1506453 1.9821935 0.27411935
7.0216665 0.91553336 1.1115401
3.1490324 0.29861292 2.5675838
2.6829028 0.2986129 1.6464937
5.4225006 0.8849643 2.9350324
5.6303225 1.9049355 4.8790674
8.337334 3.1323667 3.804184
2.704516 4.212903 2.1864579
5.4343333 4.859866 1.05765
1.5703226 4.894709 0.20575164
2.1422582 4.2987742 0.045735482
2.8600001 3.2495337 0.036016665
4.290968 2.0216453 0.07087741
3.5493333 0.94470006 0.41820332
3.3161292 0.30964515 0.5032677
5.210323 0.2986129 2.5177095
4.414285 0.8849643 2.5588322
4.5448394 1.9049355 2.863042
1.9020001 3.1323667 0.63920325
2.2135484 4.212903 0.18242258
1.3713335 4.859866 0.071093336
2.8235486 4.894709 0.04018065
2.6906455 4.2987742 0.074770965
4.345 3.2495337 0.15786333
4.4596763 2.0216453 0.38020635
2.1373332 0.94470006 0.12421334
4.250968 0.30964515 0.7598999
6.654838 0.2986129 2.1767385
1.0646428 0.8849643 2.5328424
5.3445153 1.9049355 2.8096128
5.2886667 3.1323667 2.9259272
3.3896775 4.212903 0.9690516
3.630667 4.859866 0.36337337
1.4651611 4.894709 0.116309665
0.95258063 4.2987742 0.022129035
1.4729999 3.2495337 0.016573332
4.0225806 2.0216453 0.022493549
0.82933336 0.94470006 0.08811335
3.836129 0.30964515 0.26925486
1.6587098 0.2986129 0.10966452
2.308621 0.90044826 0.1387724
3.5645158 1.9440323 0.74244523
2.8823328 3.1719334 0.5518167
5.2070966 4.2422905 0.8171226
5.100334 4.871267 0.92688006
0.74322575 4.8849993 0.13579352
0.17032258 4.2703547 0.01772258
2.3403332 3.2103002 0.008149999
0.9132259 1.9821935 0.014303225
9.1173315 0.91553336 0.4770933
3.464193 0.29861292 1.0459225
