4.6225805 0.9198386 2.0225034
3.4048276 1.510793 3.2111897
7.5396767 2.475129 6.364697
2.6333334 3.5746665 1.1564567
2.4690323 4.5022902 0.71515155
2.161 5.012133 0.40968996
3.4506452 4.9629674 0.4120193
3.0232258 4.358581 0.3700742
5.716666 3.3789332 0.49557
1.3635484 2.2798386 0.33024198
10.799 1.3558668 3.0620635
4.0309677 0.85706455 4.2456617
3.4235482 0.9198386 2.1772485
5.019643 1.4962499 4.2404675
8.177096 2.4395807 4.457868
5.8 3.5397668 3.9177067
3.2525804 4.477387 2.5963964
4.161667 5.0039334 0.86359
8.514194 4.973613 1.9749163
3.0487103 4.3854837 1.0159291
3.5933337 3.4145668 0.69835657
4.2996774 2.314645 1.0088031
0.109 1.3805333 0.59132
2.8061295 0.86496776 0.5031677
6.244516 0.9198386 4.288174
5.0985713 1.4962499 3.0257287
6.20258 2.4395807 3.116516
4.491333 3.5397668 1.3255335
3.6958067 4.477387 1.0119032
6.862334 5.0039334 2.1555433
4.767742 4.973613 0.67769027
2.7803226 4.3854837 0.5939129
1.563 3.4145668 0.44610995
1.4283872 2.314645 0.618529
1.4566668 1.3805333 0.35895663
5.039677 0.86496776 1.1783065
5.556129 0.9198386 1.4874679
2.2257142 1.4962499 3.2945435
7.136452 2.4395807 3.2642324
2.1223333 3.5397668 2.8901765
0.7161291 4.477387 0.59220004
3.477 5.0039334 0.7792667
5.002258 4.973613 0.6749936
2.0558066 4.3854837 0.4214451
3.4076664 3.4145668 0.37430328
0.636129 2.314645 0.30058068
1.5489999 1.3805333 0.33070672
4.3735485 0.86496776 0.8559838
1.7516129 0.9198386 0.43860322
5.10069 1.510793 1.3568895
2.9558065 2.475129 0.7229323
3.9116666 3.5746665 1.4276367
4.9225802 4.5022902 1.128313
1.1383334 5.012133 0.39295664
4.7390323 4.9629674 0.36616457
1.9254838 4.358581 0.3510387
1.7583334 3.3789332 0.2539967
0.040000003 2.2798386 0.21736771
3.7246666 1.3558668 0.27075332
4.565807 0.85706455 0.58978385
3.3864512 0.9198386 1.3276807
7.4571443 1.4962499 3.6452215
4.989032 2.4395807 3.310713
6.5259995 3.5397668 1.6262599
11.872905 4.477387 9.616313
4.9359994 5.0039334 0.74279
5.910323 4.973613 1.0306548
4.62742 4.3854837 0.869984
0.23100004 3.4145668 0.36457002
0.59612906 2.314645 0.2599387
4.9670005 1.3805333 0.35021338
9.056773 0.86496776 3.0397065
2.8935483 0.9198386 1.6683452
1.7882143 1.4962499 0.7617607
2.5454838 2.4395807 0.67090327
2.8839998 3.5397668 0.8314066
3.8503225 4.477387 1.1452547
2.9490004 5.0039334 0.32152
5.5616126 4.973613 0.4108774
1.4167743 4.3854837 0.2728678
4.410333 3.4145668 0.41135332
3.4490323 2.314645 0.39801282
2.0906663 1.3805333 0.28644997
3.6761289 0.86496776 0.5500839
3.9690323 0.9198386 1.8200226
6.347857 1.4962499 4.074821
0.48387092 2.4395807 0.60142267
7.868333 3.5397668 4.7453265
3.1190321 4.477387 0.6626612
2.7716668 5.0039334 0.38182
6.7606454 4.973613 0.7975291
4.8970966 4.3854837 1.5435642
1.9419999 3.4145668 0.37968004
1.2687097 2.314645 0.25696772
4.095 1.3805333 0.36215338
3.435484 0.86496776 1.4229096
2.1096776 0.9198386 0.4601258
7.5186205 1.510793 4.5208826
5.254838 2.475129 3.5191095
2.8229995 3.5746665 0.7828401
2.371613 4.5022902 0.37845492
4.4370008 5.012133 0.5320033
3.393871 4.9629674 0.47369358
3.1783872 4.358581 0.31271932
2.2886665 3.3789332 0.25854656
1.4067742 2.2798386 0.21911618
1.5636667 1.3558668 0.2359267
5.3790317 0.85706455 0.43916136
1.721613 0.9198386 0.3644129
3.4835708 1.4962499 0.9376858
5.571613 2.4395807 1.5987678
4.759001 3.5397668 1.9278733
2.8874192 4.477387 0.85479045
7.334 5.0039334 0.8104533
3.7125807 4.973613 1.1618162
2.4874191 4.3854837 0.3892516
8.234 3.4145668 0.81530666
3.1770966 2.314645 0.92144185
7.494001 1.3805333 3.3482268
3.6822584 0.86496776 1.4769257
3.4732258 0.9198386 2.0608644
4.040357 1.4962499 1.8949858
5.723226 2.4395807 2.6056936
4.735333 3.5397668 1.57743
4.1338706 4.477387 1.1392871
4.8886666 5.0039334 1.1637
5.121613 4.973613 0.74409693
4.447097 4.3854837 0.5868388
5.3993335 3.4145668 1.3829567
1.0348387 2.314645 0.45109025
1.6663331 1.3805333 0.36627325
1.9551613 0.86496776 0.37196133
3.9516132 0.9198386 0.66553867
7.234643 1.4962499 4.6628923
2.2054842 2.4395807 1.217213
3.5303333 3.5397668 1.3222533
7.209032 4.477387 1.590371
4.553 5.0039334 2.156443
7.6932263 4.973613 0.9837258
3.7232263 4.3854837 1.2860227
2.6589997 3.4145668 0.45888
4.1874194 2.314645 0.51838714
2.6156669 1.3805333 0.7564667
4.843871 0.86496776 2.2906451
3.2135487 0.9198386 1.8518385
3.911034 1.510793 2.082248
2.579677 2.475129 0.96319026
2.3369997 3.5746665 0.7535233
2.9541936 4.5022902 0.81565475
1.5786666 5.012133 0.3534601
4.387742 4.9629674 0.3299677
7.5835485 4.358581 0.79235154
1.0016667 3.3789332 0.43897668
2.515484 2.2798386 0.3035806
1.3283334 1.3558668 0.40916336
4.2480645 0.85706455 0.40890643
5.711613 0.9198386 2.900077
9.6521435 1.4962499 4.7052217
9.608387 2.4395807 4.9236193
2.9406667 3.5397668 2.5801861
2.8035483 4.477387 0.61556125
5.046667 5.0039334 0.61599666
6.4796767 4.973613 0.7153969
3.2377422 4.3854837 0.6212903
5.841333 3.4145668 1.3105166
0.84451616 2.314645 0.38125795
8.036 1.3805333 1.7583966
9.113872 0.86496776 5.0914207
6.2558055 0.9198386 3.526597
1.1803571 1.4962499 0.8878071
2.7322576 2.4395807 0.61476773
7.5859995 3.5397668 3.98184
2.870645 4.477387 1.2234937
5.4763336 5.0039334 1.0531566
2.544194 4.973613 0.46165156
3.7451615 4.3854837 0.4414484
2.7616663 3.4145668 0.40546674
2.939032 2.314645 0.39341298
1.1623331 1.3805333 0.29474333
3.0070968 0.86496776 0.36717415
4.396451 0.9198386 0.9812096
3.5400002 1.4962499 0.9927357
1.5112903 2.4395807 0.64685804
0.72233325 3.5397668 0.36242345
1.7932258 4.477387 0.29661933
4.856667 5.0039334 0.31975
5.204194 4.973613 0.42114517
3.1622577 4.3854837 0.37552908
2.2026665 3.4145668 0.26022664
0.092258066 2.314645 0.20924842
4.483333 1.3805333 0.24770336
4.235806 0.86496776 0.44075477
5.720968 0.9198386 1.5010937
4.1972413 1.510793 1.2335931
7.573226 2.475129 5.288065
6.5403337 3.5746665 2.14336
2.818387 4.5022902 1.008187
3.0743332 5.012133 0.40946668
6.8838706 4.9629674 1.9305904
3.4074194 4.358581 0.5891226
2.9973333 3.3789332 0.32502666
6.4435477 2.2798386 4.1176615
4.9656672 1.3558668 0.89359665
4.1170964 0.85706455 2.165955
2.4551616 0.9198386 0.7502613
6.0103574 1.4962499 2.4364784
4.244839 2.4395807 2.4095068
0.4103333 3.5397668 0.54459006
2.9190323 4.477387 0.36242896
2.0033333 5.0039334 0.3212734
5.0819364 4.973613 0.39898705
4.690645 4.3854837 0.45142582
5.5239997 3.4145668 0.9532967
0.84580654 2.314645 0.3005935
2.455333 1.3805333 0.3848
4.50258 0.86496776 0.9745646
7.981613 0.9198386 3.2172613
12.937143 1.4962499 8.352328
1.9270968 2.4395807 2.5816164
6.0346675 3.5397668 2.4661002
4.113548 4.477387 1.3458099
1.8513333 5.0039334 0.54091334
4.0203223 4.973613 0.45156127
4.7948384 4.3854837 0.35856456
3.496 3.4145668 0.3182967
2.416774 2.314645 0.30670968
2.1139998 1.3805333 0.31994
2.6677415 0.86496776 0.29694194
2.5432258 0.9198386 0.48560324
4.959643 1.4962499 1.1951572
1.8690323 2.4395807 0.58192253
7.6193333 3.5397668 4.82651
7.0270967 4.477387 2.8249972
1.3343334 5.0039334 0.5895533
6.647419 4.973613 0.44060326
4.786774 4.3854837 0.47567746
2.8223336 3.4145668 0.33257335
2.150645 2.314645 0.2792968
0.33400002 1.3805333 0.25077334
6.9941945 0.86496776 1.0428451
2.5374196 0.9198386 1.0974581
2.6348276 1.510793 0.4309207
2.637097 2.475129 0.9346129
4.063333 3.5746665 1.3347033
4.247097 4.5022902 1.2285321
3.4626667 5.012133 0.46809673
3.839355 4.9629674 0.38587737
3.7051618 4.358581 0.42588386
2.679333 3.3789332 0.28139004
1.3532258 2.2798386 0.25030643
5.7716675 1.3558668 0.32769668
6.536129 0.85706455 1.7923
1.0332259 0.9198386 0.64083534
4.8796425 1.4962499 1.950218
4.9996777 2.4395807 2.2685256
6.7423334 3.5397668 3.1198967
4.428064 4.477387 1.4501933
1.0956668 5.0039334 0.3301033
6.570646 4.973613 0.7235775
2.713226 4.3854837 0.35090318
1.7833333 3.4145668 0.3071334
3.6703227 2.314645 1.3012613
1.1650001 1.3805333 0.2614267
4.4206457 0.86496776 0.6293935
2.3687093 0.9198386 0.605229
2.4582143 1.4962499 0.4980357
4.9474196 2.4395807 1.5482224
2.839 3.5397668 1.0259899
3.5138707 4.477387 0.49236456
4.236333 5.0039334 0.5387467
4.617419 4.973613 0.4715162
4.75871 4.3854837 0.38410965
2.9353335 3.4145668 0.44371
5.952903 2.314645 1.0251743
1.9156665 1.3805333 0.4803567
4.5906453 0.86496776 0.96955156
1.7196776 0.9198386 1.1614612
5.1314287 1.4962499 1.6471573
4.4451613 2.4395807 2.160171
1.4916667 3.5397668 0.5150534
4.8922577 4.477387 0.9787967
3.662 5.0039334 0.39189672
5.559355 4.973613 0.6122322
2.860645 4.3854837 0.47348392
9.894667 3.4145668 1.7526566
1.0570968 2.314645 0.40861297
2.3616667 1.3805333 0.35852337
10.708064 0.86496776 6.078407
6.3599997 0.9198386 2.4200547
3.528621 1.510793 2.0269685
5.3948393 2.475129 2.094645
1.6809999 3.5746665 0.56965655
7.570322 4.5022902 3.4275968
3.1496668 5.012133 0.40665337
4.5383873 4.9629674 0.3573613
2.595484 4.358581 0.32002905
3.5609999 3.3789332 0.29073665
2.5729034 2.2798386 0.3640645
4.420667 1.3558668 0.55500335
7.264194 0.85706455 2.7247386
3.5654836 0.9198386 1.9145871
3.871071 1.4962499 2.3718216
10.867741 2.4395807 6.459735
9.436001 3.5397668 5.7593226
4.6822577 4.477387 2.187587
2.8196666 5.0039334 0.6740698
4.159032 4.973613 0.53282905
3.5790322 4.3854837 0.44209674
8.907666 3.4145668 2.0434272
1.6554838 2.314645 0.47075808
7.5086665 1.3805333 1.9556533
6.025484 0.86496776 2.8680322
7.6941934 0.9198386 5.196788
4.850357 1.4962499 3.7409756
4.1925807 2.4395807 1.5321289
5.6153326 3.5397668 2.7261767
6.558387 4.477387 1.4585547
1.6669999 5.0039334 0.6206934
4.4670973 4.973613 0.5770484
4.142581 4.3854837 0.5173065
3.554667 3.4145668 0.5444667
1.6512902 2.314645 0.4130033
4.970666 1.3805333 0.84255993
4.4196773 0.86496776 1.5540096
6.91 0.9198386 4.221516
2.2524998 1.4962499 1.3530858
5.114194 2.4395807 2.1106164
7.8819995 3.5397668 1.9876065
5.593871 4.477387 4.250387
7.1463323 5.0039334 3.2191262
5.584516 4.973613 1.5516355
6.8525796 4.3854837 3.0706384
4.9096665 3.4145668 2.1271367
2.8435483 2.314645 1.1375709
2.807 1.3805333 0.5562999
2.5029032 0.86496776 0.7340516
3.7380648 0.9198386 1.3884518
1.9048275 1.510793 1.571831
6.310645 2.475129 2.2832258
0.7783333 3.5746665 1.1493868
4.394516 4.5022902 0.7004806
4.016667 5.012133 0.4514366
4.1390324 4.9629674 0.7179581
3.1509678 4.358581 0.37739354
1.8433335 3.3789332 0.33258
2.5658064 2.2798386 0.29789358
4.7203336 1.3558668 0.47078335
4.5648384 0.85706455 1.1302484
5.233226 0.9198386 2.2001226
3.0832145 1.4962499 1.7109429
5.7277427 2.4395807 2.4969544
9.127 3.5397668 7.721886
1.7393546 4.477387 0.6334645
1.3253331 5.0039334 0.35795662
5.3490324 4.973613 0.42022908
8.616774 4.3854837 1.7423291
8.308333 3.4145668 3.9878366
3.9212902 2.314645 0.76021606
9.821 1.3805333 2.36895
3.0170968 0.86496776 3.2466996
6.367419 0.9198386 3.194216
2.4060714 1.4962499 2.1043108
2.426452 2.4395807 2.700045
2.841667 3.5397668 0.89990675
6.1148386 4.477387 1.9064163
3.2356665 5.0039334 0.77384007
4.0758066 4.973613 0.6254613
6.9825807 4.3854837 1.0988774
2.500333 3.4145668 1.0605568
0.117096774 2.314645 0.51426774
4.449667 1.3805333 0.5742067
3.3490324 0.86496776 0.776242
6.939033 0.9198386 2.93088
8.479643 1.4962499 7.386454
3.3912904 2.4395807 2.637303
10.778001 3.5397668 7.65307
4.667419 4.477387 1.1735226
1.0376667 5.0039334 0.72610664
8.611935 4.973613 1.0794033
2.9806452 4.3854837 0.6788904
3.7619998 3.4145668 0.7480234
1.3403227 2.314645 0.46379986
5.293999 1.3805333 0.93707997
3.5409675 0.86496776 1.2677388
5.435484 0.9198386 3.437651
3.6727583 1.510793 2.1441483
10.182902 2.475129 6.271829
10.801333 3.5746665 9.3001795
7.600645 4.5022902 4.119226
3.6460001 5.012133 0.88506335
3.5267742 4.9629674 0.61135167
1.8919356 4.358581 0.48976448
3.9583335 3.3789332 0.50514334
4.0041933 2.2798386 0.71734196
4.518 1.3558668 1.1831834
2.1664515 0.85706455 1.3238516
1.0245162 0.9198386 0.52096134
5.3957143 1.4962499 1.7143824
3.5764518 2.4395807 1.0266999
1.5283334 3.5397668 0.79743
4.5729036 4.477387 1.0465904
4.078666 5.0039334 0.80825335
4.2412906 4.973613 0.85677755
3.4335482 4.3854837 0.48220643
3.4366667 3.4145668 0.51553667
2.0141935 2.314645 0.3398549
1.1946667 1.3805333 0.30303004
4.694839 0.86496776 0.5104871
3.7296772 0.9198386 1.089261
6.244643 1.4962499 3.5388966
3.4909675 2.4395807 0.9752709
4.7689996 3.5397668 2.294373
2.1241937 4.477387 0.7930387
3.4169998 5.0039334 0.39993998
5.053225 4.973613 0.46951294
4.503549 4.3854837 0.9455615
1.7113336 3.4145668 0.33974662
1.9974192 2.314645 0.29833865
4.275 1.3805333 0.4111
11.840324 0.86496776 6.6657743
5.924838 0.9198386 3.8031647
6.3353567 1.4962499 5.559529
4.7138705 2.4395807 2.4723518
11.887332 3.5397668 9.067679
5.5977426 4.477387 2.6503255
7.578333 5.0039334 1.9988366
2.1999998 4.973613 0.8657419
8.067098 4.3854837 3.479461
3.8040001 3.4145668 0.58145005
1.4938709 2.314645 0.38254833
4.8939996 1.3805333 0.76899
6.9899993 0.86496776 2.7400775
2.8935483 0.9198386 1.6428066
5.914827 1.510793 3.8788483
2.5532255 2.475129 1.7384161
2.3653336 3.5746665 1.0105034
2.957742 4.5022902 0.5177
4.8199997 5.012133 0.55452
3.7535481 4.9629674 0.56643546
5.62 4.358581 0.69995487
1.7470002 3.3789332 0.41464335
9.303547 2.2798386 3.200606
2.6403337 1.3558668 0.7393268
3.559033 0.85706455 1.2268419
4.357097 0.9198386 1.9306388
5.903571 1.4962499 4.092668
4.1335487 2.4395807 2.3810258
2.7853332 3.5397668 1.0389466
1.8525809 4.477387 0.60230327
3.425334 5.0039334 0.48347
4.972903 4.973613 0.6785356
5.8525805 4.3854837 0.6305937
6.4410005 3.4145668 0.7679333
9.282581 2.314645 3.1915035
0.60400003 1.3805333 2.1751902
4.1961284 0.86496776 1.2154033
1.5483872 0.9198386 0.72179675
2.7575004 1.4962499 1.7204463
3.0619357 2.4395807 1.2304773
2.4146667 3.5397668 0.60169995
5.339678 4.477387 1.0485226
4.352333 5.0039334 1.2715365
3.37871 4.973613 0.49674833
2.8916128 4.3854837 0.4624194
2.3203332 3.4145668 0.31420332
3.4767745 2.314645 0.38850322
8.758666 1.3805333 2.1697898
5.469355 0.86496776 3.0188706
6.81871 0.9198386 5.0406914
9.743571 1.4962499 4.6037717
5.4609675 2.4395807 5.90739
1.5400001 3.5397668 0.96702003
4.957742 4.477387 0.86167413
6.3296666 5.0039334 1.3606167
4.0600004 4.973613 0.6453065
6.359033 4.3854837 1.6581225
1.5949998 3.4145668 0.4334334
0.70387095 2.314645 0.29425484
3.2563336 1.3805333 0.41583332
2.9696777 0.86496776 0.4569032
3.1409678 0.9198386 0.72121936
9.207243 1.510793 5.1470623
8.337096 2.475129 3.2584581
3.873667 3.5746665 4.5175004
1.0370967 4.5022902 0.5872226
2.9566667 5.012133 0.50784004
5.108386 4.9629674 0.61620003
5.6332245 4.358581 0.6326936
8.296666 3.3789332 2.2970302
2.7012904 2.2798386 0.69812566
4.2663336 1.3558668 1.45719
6.4306445 0.85706455 2.3307807
3.3780646 0.9198386 3.4252648
2.037143 1.4962499 1.008325
5.226452 2.4395807 1.7627482
1.8046666 3.5397668 1.3000165
7.626452 4.477387 3.546036
10.985998 5.0039334 3.56479
5.753226 4.973613 3.2958777
3.0296772 4.3854837 0.7123452
4.935 3.4145668 0.5978199
1.4074194 2.314645 0.7779257
6.8079996 1.3805333 1.5853666
6.193548 0.86496776 2.2774994
10.424839 0.9198386 10.287439
8.364285 1.4962499 6.377112
4.7729034 2.4395807 2.3134842
3.0866666 3.5397668 0.8667699
5.993548 4.477387 0.80782914
3.1699998 5.0039334 1.3058398
3.9512904 4.973613 0.51305807
2.0358064 4.3854837 0.44416773
2.935 3.4145668 0.3978734
2.8125806 2.314645 0.3623033
2.9610002 1.3805333 0.37380007
4.766774 0.86496776 1.0283805
8.441291 0.9198386 3.8147228
6.7549996 1.4962499 6.033511
3.292903 2.4395807 1.4033806
9.496333 3.5397668 3.1921268
9.948065 4.477387 6.835248
4.372 5.0039334 1.2452868
4.077742 4.973613 0.9292451
4.614516 4.3854837 0.80529356
4.215667 3.4145668 0.86575335
3.1632257 2.314645 0.53081936
2.0116665 1.3805333 0.6281301
2.7564518 0.86496776 0.6868968
8.428065 0.9198386 4.1338773
7.1868978 1.510793 4.606014
6.561935 2.475129 4.606429
2.4553332 3.5746665 0.85507333
2.5887094 4.5022902 0.51654834
7.1636667 5.012133 0.77687
4.22 4.9629674 0.8041259
7.7425804 4.358581 1.7736902
2.7483332 3.3789332 0.82525337
1.5812905 2.2798386 0.37020007
7.2283335 1.3558668 1.55047
4.152903 0.85706455 1.3858067
9.49258 0.9198386 7.0975165
2.9228573 1.4962499 1.0555642
5.781613 2.4395807 3.1642096
7.8713336 3.5397668 5.227817
3.2567742 4.477387 0.9504967
4.8273325 5.0039334 0.6209433
4.267742 4.973613 0.68977416
3.4067738 4.3854837 0.5505742
1.9963334 3.4145668 0.35048
4.505807 2.314645 0.4239452
5.0443335 1.3805333 1.8025004
3.2641935 0.86496776 0.9045613
6.5535483 0.9198386 4.5564065
4.4935713 1.4962499 3.6717393
3.5225809 2.4395807 1.3460773
6.143667 3.5397668 2.4793198
5.405484 4.477387 1.3546355
5.7880006 5.0039334 1.8117001
7.4890323 4.973613 2.7585063
2.957742 4.3854837 0.6048451
4.133333 3.4145668 0.6124133
4.825484 2.314645 0.8603355
1.9046669 1.3805333 0.4264666
3.6499999 0.86496776 0.79185814
5.3877416 0.9198386 3.155077
3.3042855 1.4962499 1.2622643
9.29258 2.4395807 5.765916
7.8993344 3.5397668 6.54337
7.049355 4.477387 2.4558742
2.5923333 5.0039334 0.67166996
3.8974195 4.973613 0.53643554
3.7135484 4.3854837 0.67038375
2.0240002 3.4145668 0.42117336
4.4651613 2.314645 0.43321294
5.231 1.3805333 1.1074903
6.4112897 0.86496776 3.7900062
4.9335485 0.9198386 2.1536033
2.7572412 1.510793 1.395786
4.293871 2.475129 1.3869743
4.649333 3.5746665 1.4537901
2.2093549 4.5022902 0.5283387
5.334666 5.012133 0.64620996
3.637097 4.9629674 0.37497744
4.4058065 4.358581 0.45601293
4.351666 3.3789332 0.42883334
6.885484 2.2798386 1.3928807
3.047667 1.3558668 0.61775666
2.6996772 0.85706455 0.6459387
5.0516124 0.9198386 2.0114646
9.419642 1.4962499 6.32355
3.5635488 2.4395807 2.060403
8.22 3.5397668 5.9371066
4.68 4.477387 1.8513745
7.281334 5.0039334 2.06424
3.9135485 4.973613 1.0902549
3.130323 4.3854837 0.6806969
1.2203332 3.4145668 0.3770801
3.5135484 2.314645 0.38995165
5.2920003 1.3805333 0.67903006
4.8474193 0.86496776 1.9194773
11.463551 0.9198386 7.985371
5.774643 1.4962499 3.5216677
4.919032 2.4395807 3.0820644
4.7139997 3.5397668 1.5356165
0.47580647 4.477387 0.8569065
1.796 5.0039334 0.4034433
4.3974195 4.973613 0.40203232
2.7625806 4.3854837 0.33829674
7.876001 3.4145668 0.94137996
2.0367742 2.314645 0.4585388
2.8746667 1.3805333 0.40943673
3.4958065 0.86496776 0.60602903
4.944839 0.9198386 1.3197709
2.2985713 1.4962499 1.7372428
6.1032267 2.4395807 3.5146098
0.61733335 3.5397668 0.54261667
3.4045162 4.477387 0.3735194
4.9953337 5.0039334 0.4538466
4.581936 4.973613 0.5393259
1.5312903 4.3854837 0.39414513
3.23 3.4145668 0.37205344
5.0161285 2.314645 0.6667777
0.7486667 1.3805333 0.36045992
4.0519357 0.86496776 0.61739683
2.4274192 0.9198386 0.5955484
0.902069 1.510793 0.30365857
3.356129 2.475129 0.39955482
2.5849998 3.5746665 0.59225005
1.7835486 4.5022902 0.48373216
4.361333 5.012133 0.27216667
2.66 4.9629674 0.29266128
2.8122582 4.358581 0.2597097
4.011333 3.3789332 0.22614338
0.9329033 2.2798386 -99.0
9.527666 1.3558668 -99.0
2.7754838 0.85706455 -99.0
4.580967 0.9198386 -99.0
3.4164283 1.4962499 -99.0
8.280967 2.4395807 -99.0
0.943 3.5397668 -99.0
1.4632258 4.477387 -99.0
14.490666 5.0039334 -99.0
5.530967 4.973613 -99.0
4.721613 4.3854837 -99.0
4.833333 3.4145668 -99.0
4.205484 2.314645 -99.0
2.4416666 1.3805333 -99.0
3.2945168 0.86496776 -99.0
4.1645164 0.9198386 -99.0
1.9799999 1.4962499 -99.0
6.916774 2.4395807 -99.0
3.3873332 3.5397668 -99.0
2.344516 4.477387 -99.0
3.6626666 5.0039334 -99.0
5.466452 4.973613 -99.0
4.3377423 4.3854837 -99.0
7.3786664 3.4145668 -99.0
8.324839 2.314645 -99.0
4.085666 1.3805333 -99.0
5.8458066 0.86496776 -99.0
1.0048387 0.9198386 -99.0
8.998214 1.4962499 -99.0
3.2470965 2.4395807 -99.0
3.8286667 3.5397668 -99.0
1.2193549 4.477387 -99.0
8.138666 5.0039334 -99.0
5.574839 4.973613 -99.0
2.9112906 4.3854837 -99.0
3.006333 3.4145668 -99.0
1.5151612 2.314645 -99.0
4.563667 1.3805333 -99.0
2.9541936 0.86496776 -99.0
