0.75741935 1.7029033 0.031700008
3.9444828 2.27531 0.04530344
0.82387096 3.109 0.14279032
0.0056666667 3.9982333 0.13212998
0.27064514 4.69229 0.048096765
0.7306668 5.0080333 0.023423336
1.9570967 4.856871 0.018977419
1.4309679 4.2703223 0.021222582
1.114 3.4233334 0.016083332
1.3887098 2.5359354 0.020899996
0.09833334 1.8452667 0.02847
2.491613 1.539129 0.2002774
3.4929032 1.7029033 0.45915157
1.0910715 2.262357 0.23897502
1.0548388 3.0792904 0.49920648
0.7906667 3.970933 0.21857667
0.36064517 4.6747413 0.1332129
1.0949999 5.0049663 0.05451333
3.244839 4.869065 0.048087098
1.6148386 4.294677 0.047529045
2.609 3.4531 0.08036666
0.4964516 2.563129 0.032064524
0.328 1.8626002 0.031796675
1.1883873 1.5419356 0.036170974
0.40064517 1.7029033 0.037387103
0.68107146 2.262357 0.035532154
0.29741937 3.0792904 0.043003228
0.15566666 3.970933 0.03867666
0.017419353 4.6747413 0.025654837
0.2746667 5.0049663 0.016136667
4.3090324 4.869065 0.041096773
1.2067741 4.294677 0.041967746
1.9130002 3.4531 0.02784667
0.38709676 2.563129 0.023216128
0.0046666665 1.8626002 0.024550004
0.063225806 1.5419356 0.027480653
1.0629032 1.7029033 0.029345153
0.685 2.262357 0.032992866
1.4074194 3.0792904 0.037716135
1.5563334 3.970933 0.038393334
0.087419346 4.6747413 0.034974195
6.6666666E-4 5.0049663 0.015933331
1.9870967 4.869065 0.013522582
2.2954838 4.294677 0.020161292
0.27866665 3.4531 0.019006666
1.9403226 2.563129 0.0187
0.52566665 1.8626002 0.035546675
1.2432259 1.5419356 0.035367746
1.9625807 1.7029033 0.2999484
0.5810345 2.27531 0.053406898
2.1754837 3.109 0.1208387
1.8503331 3.9982333 0.19269666
0.77129024 4.69229 0.11094193
1.8476665 5.0080333 0.06266
2.211613 4.856871 0.031690326
2.0303228 4.2703223 0.03219355
0.9306667 3.4233334 0.024306668
0.0 2.5359354 0.021109678
1.348 1.8452667 0.027313333
0.5112903 1.539129 0.030896774
0.048064515 1.7029033 0.028558059
1.915 2.262357 0.029967856
2.2296774 3.0792904 0.12299033
1.1209999 3.970933 0.05081333
0.085806444 4.6747413 0.036654837
0.8276667 5.0049663 0.02204
2.8535485 4.869065 0.024145162
1.386129 4.294677 0.027577417
0.017333332 3.4531 0.012986672
0.47096774 2.563129 0.016748384
0.4536667 1.8626002 0.026656665
0.3167742 1.5419356 0.025751615
0.6606451 1.7029033 0.02570968
0.21678571 2.262357 0.02612857
2.4987094 3.0792904 0.104706466
0.19633335 3.970933 0.05528666
0.47741935 4.6747413 0.030135479
0.8663333 5.0049663 0.014123332
2.6393542 4.869065 0.019603228
3.5767741 4.294677 0.048941944
1.3083333 3.4531 0.034250006
1.1254839 2.563129 0.029964518
0.0029999998 1.8626002 0.027986659
0.09967742 1.5419356 0.027119355
1.6658062 1.7029033 0.030006444
0.43321434 2.262357 0.030899998
0.4603226 3.0792904 0.029854838
0.24933334 3.970933 0.02720333
0.67967737 4.6747413 0.02813871
0.2553333 5.0049663 0.015309998
3.218064 4.869065 0.04499032
2.7164514 4.294677 0.109135486
0.16066667 3.4531 0.030936664
1.0390322 2.563129 0.038451623
0.038 1.8626002 0.027280005
0.32387096 1.5419356 0.029935492
0.80677414 1.7029033 0.0291871
1.3741379 2.27531 0.03543794
0.0016129031 3.109 0.030161297
0.287 3.9982333 0.026716672
0.0616129 4.69229 0.019967744
0.61100006 5.0080333 0.0124033345
2.0580645 4.856871 0.013683871
1.5045162 4.2703223 0.019319354
0.095666654 3.4233334 0.012326664
0.4070968 2.5359354 0.014993549
0.0 1.8452667 0.024736669
0.21612902 1.539129 0.026632262
1.6909676 1.7029033 0.0659871
0.7135714 2.262357 0.03303572
1.003871 3.0792904 0.034929037
1.384 3.970933 0.03126667
0.9929032 4.6747413 0.03739356
0.6813333 5.0049663 0.024263334
3.4103224 4.869065 0.03576452
4.6303225 4.294677 0.2712258
0.2533333 3.4531 0.07659001
2.5858061 2.563129 0.043077424
0.68633336 1.8626002 0.037609998
0.23677419 1.5419356 0.03221613
0.97870964 1.7029033 0.030896774
2.4003575 2.262357 0.037021425
4.1961284 3.0792904 0.46443552
1.6553334 3.970933 0.35579005
0.3735484 4.6747413 0.14865161
0.7676667 5.0049663 0.04775334
2.205806 4.869065 0.02177742
3.416774 4.294677 0.031680644
4.934666 3.4531 0.081366666
2.5293548 2.563129 0.05018388
0.6573333 1.8626002 0.03781
0.01516129 1.5419356 0.034929033
0.09354839 1.7029033 0.029212901
1.0107143 2.262357 0.031892855
0.23096775 3.0792904 0.028780645
0.4793333 3.970933 0.029383333
0.012903226 4.6747413 0.019667743
0.6123333 5.0049663 0.012713331
2.0980642 4.869065 0.020064514
5.226452 4.294677 0.089422576
0.069 3.4531 0.025083335
1.8235484 2.563129 0.025109682
0.42700002 1.8626002 0.046536665
1.886129 1.5419356 0.05061613
1.9235485 1.7029033 0.16678709
0.51551723 2.27531 0.10939999
0.2970968 3.109 0.2527774
0.022999998 3.9982333 0.10275669
0.32064518 4.69229 0.05701935
0.7396667 5.0080333 0.025866667
2.312903 4.856871 0.022893546
1.9125807 4.2703223 0.021374194
1.08 3.4233334 0.017523335
2.9287095 2.5359354 0.037154842
0.07266666 1.8452667 0.029196663
1.5674193 1.539129 0.031258065
1.03 1.7029033 0.031425796
0.038928572 2.262357 0.03333571
1.122258 3.0792904 0.04979032
0.075333335 3.970933 0.05764333
0.013548386 4.6747413 0.02874516
1.1603334 5.0049663 0.022286661
1.7590321 4.869065 0.01872903
2.2519357 4.294677 0.022980642
2.142 3.4531 0.020823332
1.3061291 2.563129 0.03593871
2.779 1.8626002 0.058110006
2.5954838 1.5419356 0.11428387
1.9680644 1.7029033 0.13446455
0.31428578 2.262357 0.3523429
0.8909678 3.0792904 0.11313549
0.68433326 3.970933 0.21597332
0.0029032258 4.6747413 0.09247099
0.5486667 5.0049663 0.029603327
4.433226 4.869065 0.048835482
0.8074194 4.294677 0.08980968
3.7523334 3.4531 0.06423666
1.5806452 2.563129 0.056048386
1.9503334 1.8626002 0.042093333
1.8880644 1.5419356 0.09979357
1.1080643 1.7029033 0.068603225
1.3314286 2.262357 0.19395001
0.55290323 3.0792904 0.072545156
0.3913333 3.970933 0.08354
0.04193548 4.6747413 0.044300005
0.18933333 5.0049663 0.01639333
2.107742 4.869065 0.017303227
4.6712904 4.294677 0.0568871
2.4279997 3.4531 0.13651666
1.2632257 2.563129 0.044564515
0.92433345 1.8626002 0.04277334
0.0716129 1.5419356 0.03449032
0.15580645 1.7029033 0.030170972
0.44103453 2.27531 0.030679313
1.0348387 3.109 0.031067744
1.0263335 3.9982333 0.04208
0.25483873 4.69229 0.028441928
0.07066666 5.0080333 0.014436665
2.9358065 4.856871 0.016664514
1.8722581 4.2703223 0.036287088
4.547333 3.4233334 0.17642333
0.10903225 2.5359354 0.047496784
0.5096667 1.8452667 0.038626663
0.6670968 1.539129 0.034935497
1.8370969 1.7029033 0.05409033
1.0517858 2.262357 0.07266072
0.8054839 3.0792904 0.11737741
0.4646667 3.970933 0.09391001
0.17451613 4.6747413 0.064551614
0.75500005 5.0049663 0.024513334
3.8641937 4.869065 0.039154842
3.0719357 4.294677 0.06679032
2.4439995 3.4531 0.05443333
0.28096774 2.563129 0.030358069
0.64566666 1.8626002 0.031273324
5.3 1.5419356 0.37651289
1.2135484 1.7029033 0.16514514
1.0625 2.262357 0.1030857
0.2664516 3.0792904 0.45145488
0.26433334 3.970933 0.19260332
0.06677419 4.6747413 0.09514517
1.7363334 5.0049663 0.03611
3.2912903 4.869065 0.036361292
3.3777418 4.294677 0.065374196
2.201333 3.4531 0.05305667
0.17322582 2.563129 0.035309676
0.80066663 1.8626002 0.034410007
0.65322584 1.5419356 0.033338703
0.08548387 1.7029033 0.030419355
0.9089286 2.262357 0.030860718
0.5516129 3.0792904 0.03258387
0.23099999 3.970933 0.031446666
0.17516129 4.6747413 0.023729026
0.81066674 5.0049663 0.019129997
2.9167736 4.869065 0.02096129
4.4770966 4.294677 0.1528581
3.0186665 3.4531 0.07987001
0.25129035 2.563129 0.04860646
0.8306667 1.8626002 0.035249997
3.24129 1.5419356 0.06553225
0.73225814 1.7029033 0.13350646
1.3565518 2.27531 0.40819663
1.8648387 3.109 0.46205804
0.39733332 3.9982333 0.29986003
0.08096774 4.69229 0.15510967
0.20433334 5.0080333 0.051453333
3.5174189 4.856871 0.038103223
3.4138713 4.2703223 0.12170323
0.48499998 3.4233334 0.037693337
0.2577419 2.5359354 0.025535483
1.2593333 1.8452667 0.030990003
1.1696775 1.539129 0.0317
0.5270968 1.7029033 0.04258709
0.49357143 2.262357 0.039771438
0.78548396 3.0792904 0.04461612
0.31166667 3.970933 0.06793667
0.90129036 4.6747413 0.039864514
0.16766669 5.0049663 0.017206667
2.746129 4.869065 0.023851614
3.0667744 4.294677 0.027232254
1.7436668 3.4531 0.054856665
1.7209677 2.563129 0.027254837
0.4856667 1.8626002 0.035803325
1.416129 1.5419356 0.035835486
0.019677417 1.7029033 0.031896785
1.2582142 2.262357 0.033514287
1.4429032 3.0792904 0.08471935
0.46733332 3.970933 0.049816657
0.09741935 4.6747413 0.04490645
0.6536666 5.0049663 0.019973334
2.9829028 4.869065 0.020225806
1.7919354 4.294677 0.0396129
0.70533335 3.4531 0.02112333
2.0506454 2.563129 0.030100003
0.014333334 1.8626002 0.027600007
0.43387097 1.5419356 0.028825805
0.4825807 1.7029033 0.028319355
0.3310714 2.262357 0.029442858
0.03967742 3.0792904 0.027745161
0.57699996 3.970933 0.02533
0.049999997 4.6747413 0.01977097
0.08733334 5.0049663 0.012889998
2.5693545 4.869065 0.011467743
3.3529034 4.294677 0.057080638
1.7973332 3.4531 0.039803334
3.7387094 2.563129 0.25882903
0.90099996 1.8626002 0.082516655
2.0225806 1.5419356 0.10152259
0.12935485 1.7029033 0.10741613
0.02 2.27531 0.049541377
0.08935483 3.109 0.05100323
0.006 3.9982333 0.032386664
0.5554839 4.69229 0.023961293
2.1103332 5.0080333 0.023103334
2.903226 4.856871 0.026187098
4.447742 4.2703223 0.084345154
2.7676668 3.4233334 0.37795335
5.82 2.5359354 0.5109516
0.83266664 1.8452667 0.17000335
1.186129 1.539129 0.09744516
1.1306452 1.7029033 0.09698066
3.2967856 2.262357 0.25759286
1.7545159 3.0792904 0.48689353
0.24766664 3.970933 0.46450663
1.8635483 4.6747413 0.36789677
0.4856667 5.0049663 0.086023346
3.0319357 4.869065 0.060358062
1.7199999 4.294677 0.039570972
0.29266664 3.4531 0.020756666
0.023870967 2.563129 0.019993544
0.33200005 1.8626002 0.027516663
0.0067741936 1.5419356 0.02923549
1.126129 1.7029033 0.03290322
0.09714286 2.262357 0.030314283
0.71483874 3.0792904 0.029996773
0.218 3.970933 0.028959995
0.2248387 4.6747413 0.02195161
0.16766666 5.0049663 0.01209
3.7006454 4.869065 0.042945158
3.648064 4.294677 0.07671291
2.6323328 3.4531 0.036553334
3.574194 2.563129 0.042032264
0.31933329 1.8626002 0.05818334
0.7506451 1.5419356 0.040767744
2.656129 1.7029033 0.063225806
0.6985714 2.262357 0.13016073
2.4529033 3.0792904 0.20642579
0.32266667 3.970933 0.2216367
0.14387096 4.6747413 0.099816136
0.0063333334 5.0049663 0.040346663
3.9100003 4.869065 0.036080644
1.921613 4.294677 0.032380644
6.623334 3.4531 0.45332664
0.7954839 2.563129 0.027890319
1.1766666 1.8626002 0.034556665
0.916129 1.5419356 0.033093546
0.31387097 1.7029033 0.037003234
1.9868965 2.27531 0.22988275
0.76193553 3.109 0.06915162
0.44733334 3.9982333 0.076400004
0.84 4.69229 0.06315161
0.4543333 5.0080333 0.024649998
3.7758067 4.856871 0.029835477
1.934516 4.2703223 0.03357097
2.1076665 3.4233334 0.029540002
1.621613 2.5359354 0.027890319
0.549 1.8452667 0.034556665
0.07258064 1.539129 0.033093546
1.7561291 1.7029033 0.03324516
0.3532143 2.262357 0.038357146
1.9399999 3.0792904 0.035316125
0.57299995 3.970933 0.053933337
0.028387096 4.6747413 0.03717097
0.7193334 5.0049663 0.017423335
3.9803226 4.869065 0.036341935
3.8051615 4.294677 0.10269676
1.1909999 3.4531 0.066743344
0.8532258 2.563129 0.03439677
0.5720001 1.8626002 0.033939995
0.61903226 1.5419356 0.031241937
3.0912905 1.7029033 0.04341613
1.6999999 2.262357 0.085703574
2.2106452 3.0792904 0.46781936
0.056333337 3.970933 0.102616675
0.9954839 4.6747413 0.068093546
0.6186667 5.0049663 0.025876673
1.5474195 4.869065 0.016229033
2.5522585 4.294677 0.02996774
0.8626667 3.4531 0.018406665
2.3312902 2.563129 0.023448387
4.955666 1.8626002 0.29864338
3.5925808 1.5419356 0.8391032
3.6990316 1.7029033 0.36139038
1.4432142 2.262357 0.46399647
0.58064514 3.0792904 0.34750962
0.6196667 3.970933 0.25813332
1.4803226 4.6747413 0.15504192
1.6163334 5.0049663 0.083673336
2.400968 4.869065 0.038964517
2.5806453 4.294677 0.054022584
1.7683333 3.4531 0.029436667
0.24935485 2.563129 0.025116133
0.51133335 1.8626002 0.031813335
0.97322583 1.5419356 0.033745162
2.3554838 1.7029033 0.03609355
3.7889657 2.27531 0.34916553
1.1858065 3.109 0.11371935
0.49599996 3.9982333 0.092936665
0.7229033 4.69229 0.08158387
0.117666654 5.0080333 0.03286
1.398387 4.856871 0.017770967
2.7867742 4.2703223 0.027619354
2.11 3.4233334 0.048356667
0.42806453 2.5359354 0.027377414
0.20633332 1.8452667 0.029533334
0.29483873 1.539129 0.03030323
1.1493547 1.7029033 0.03274194
0.6496429 2.262357 0.028085712
2.0048385 3.0792904 0.036103223
0.70466673 3.970933 0.035589997
0.8925806 4.6747413 0.03165807
1.9306668 5.0049663 0.016836667
3.3677416 4.869065 0.06126128
2.5761287 4.294677 0.081519365
1.7213331 3.4531 0.03444
1.311613 2.563129 0.043561283
1.2760001 1.8626002 0.03432
0.021935482 1.5419356 0.03295162
1.9864517 1.7029033 0.0527258
2.2592857 2.262357 0.13721071
1.5848387 3.0792904 0.19699354
0.492 3.970933 0.11299
0.9141936 4.6747413 0.091345154
0.141 5.0049663 0.030276667
2.3080647 4.869065 0.019409677
3.4941936 4.294677 0.028454842
2.4586668 3.4531 0.05172
0.039032258 2.563129 0.025961297
2.8040001 1.8626002 0.04456334
2.9158063 1.5419356 0.10673226
1.7619356 1.7029033 0.07368063
2.2732146 2.262357 0.2787357
3.149032 3.0792904 0.48253226
0.44666666 3.970933 0.3412333
0.26000002 4.6747413 0.1654484
0.325 5.0049663 0.07964668
2.6674192 4.869065 0.0313
2.4574196 4.294677 0.042564515
4.0893335 3.4531 0.06472667
3.303871 2.563129 0.4512742
2.662 1.8626002 0.059783332
1.1325806 1.5419356 0.13890968
1.1545161 1.7029033 0.110077426
0.10482758 2.27531 0.055534486
0.85419357 3.109 0.0565
0.7463333 3.9982333 0.05681667
0.50838715 4.69229 0.045580644
1.7149999 5.0080333 0.025530001
2.7283866 4.856871 0.034980644
5.338387 4.2703223 0.08890322
1.2333333 3.4233334 0.039943334
2.760645 2.5359354 0.05092903
1.2463334 1.8452667 0.04416333
5.117742 1.539129 0.8225677
2.5164516 1.7029033 0.30805802
1.0242857 2.262357 0.30844998
2.1245162 3.0792904 0.5392258
2.7656667 3.970933 0.20782666
0.6451613 4.6747413 0.1538516
0.6746666 5.0049663 0.04922334
3.1516128 4.869065 0.03140322
2.663871 4.294677 0.051016126
2.5563333 3.4531 0.032053333
5.1474195 2.563129 0.38174516
1.9213333 1.8626002 0.07203333
0.4232258 1.5419356 0.06406129
0.18032257 1.7029033 0.048403233
2.7778575 2.262357 0.180325
1.8490322 3.0792904 0.14054519
0.114333324 3.970933 0.09077
1.1670967 4.6747413 0.04786129
2.21 5.0049663 0.029773334
4.859355 4.869065 0.11558387
3.4512908 4.294677 0.08083226
1.3753333 3.4531 0.055579994
3.3877418 2.563129 0.083483875
3.778667 1.8626002 0.12184667
2.5999997 1.5419356 0.093396775
0.93645155 1.7029033 0.058435477
1.4446429 2.262357 0.06469999
1.2609677 3.0792904 0.17653228
0.84833336 3.970933 0.1668
0.84032255 4.6747413 0.08572258
1.4466667 5.0049663 0.037566666
3.3290324 4.869065 0.042251613
3.2354836 4.294677 0.112583876
1.3240001 3.4531 0.04399667
0.7841936 2.563129 0.034045164
1.0293334 1.8626002 0.03816
2.4187095 1.5419356 0.040658064
1.349355 1.7029033 0.046961285
1.9496552 2.27531 0.15646552
0.5038709 3.109 0.12385483
2.2780004 3.9982333 0.09925664
0.091935486 4.69229 0.065267734
0.85366666 5.0080333 0.029263334
3.9429038 4.856871 0.045554835
6.7967744 4.2703223 0.46342582
2.2693334 3.4233334 0.49346668
1.3070968 2.5359354 0.08962258
0.7446667 1.8452667 0.05462
0.6606451 1.539129 0.047048386
1.3516128 1.7029033 0.04924516
0.47500005 2.262357 0.04963214
0.697742 3.0792904 0.047135483
0.10166666 3.970933 0.03237333
0.3306452 4.6747413 0.023896772
0.118 5.0049663 0.014269998
3.589677 4.869065 0.027609674
2.79 4.294677 0.053041935
1.6363332 3.4531 0.063480005
1.658387 2.563129 0.048987087
0.13366668 1.8626002 0.03635
0.3848387 1.5419356 0.034377426
0.97096777 1.7029033 0.034545165
1.3464288 2.262357 0.035560712
0.9467741 3.0792904 0.056864515
0.5883333 3.970933 0.043143332
0.8277419 4.6747413 0.032229036
0.30533335 5.0049663 0.015173332
4.4145164 4.869065 0.034164514
3.086129 4.294677 0.052077424
3.6203332 3.4531 0.072909996
0.54548395 2.563129 0.05432903
2.5913336 1.8626002 0.04980333
2.8087096 1.5419356 0.18040645
0.9625806 1.7029033 0.17875808
2.1335714 2.262357 0.14723215
2.4025807 3.0792904 0.49186778
0.0 3.970933 0.22229333
0.36322582 4.6747413 0.108967744
0.55333334 5.0049663 0.04365667
3.3164518 4.869065 0.04165161
4.909677 4.294677 0.23509033
2.1273334 3.4531 0.14309333
0.54290324 2.563129 0.042629033
1.9490002 1.8626002 0.056743328
4.3045173 1.5419356 0.20046774
1.9822581 1.7029033 0.20589355
1.4224138 2.27531 0.29796898
2.042258 3.109 0.3577129
1.4316665 3.9982333 0.28625664
4.968709 4.69229 0.3373871
0.70933336 5.0080333 0.12806666
2.5941932 4.856871 0.039709676
3.0974195 4.2703223 0.060777426
0.9266666 3.4233334 0.034043334
1.0796773 2.5359354 0.02993226
0.30666664 1.8452667 0.032340005
3.900645 1.539129 0.15930323
4.8616133 1.7029033 0.93088067
3.2674994 2.262357 0.6192178
0.7206452 3.0792904 0.34561932
0.12266667 3.970933 0.18449667
0.44741935 4.6747413 0.13073225
0.63466674 5.0049663 0.05399333
1.8467742 4.869065 0.030654842
6.2383866 4.294677 0.08401614
0.8769999 3.4531 0.062743336
1.5074193 2.563129 0.04603226
0.998 1.8626002 0.045896664
0.43709677 1.5419356 0.04119032
0.55129033 1.7029033 0.037009683
1.1417857 2.262357 0.05394643
1.063871 3.0792904 0.07161612
0.2983333 3.970933 0.051893335
0.93225807 4.6747413 0.03387097
0.64666665 5.0049663 0.01995
1.6725806 4.869065 0.013651614
2.3638709 4.294677 0.020219354
1.8836669 3.4531 0.033186663
1.2148387 2.563129 0.02849355
5.0686674 1.8626002 0.37343326
2.7858064 1.5419356 0.36747742
2.4780645 1.7029033 0.2723226
0.8953572 2.262357 0.41137138
0.87129027 3.0792904 0.19295809
0.29466665 3.970933 0.076969996
0.26580644 4.6747413 0.06445161
0.23133333 5.0049663 0.0333
2.2148387 4.869065 0.033638712
3.5990322 4.294677 0.06169677
1.98 3.4531 0.041246668
0.05258064 2.563129 0.033641938
0.48566663 1.8626002 0.035469998
0.5406452 1.5419356 0.03562903
0.37806448 1.7029033 0.033077423
1.8510345 2.27531 0.0361069
0.075161286 3.109 0.03137419
0.35399997 3.9982333 0.026756665
0.029677417 4.69229 0.017041938
1.722 5.0080333 0.014583333
3.805161 4.856871 0.03898387
3.6696775 4.2703223 0.07581613
2.9500003 3.4233334 0.16066001
2.6803226 2.5359354 0.09136452
1.1833332 1.8452667 0.07630334
0.20193549 1.539129 0.055906456
1.735484 1.7029033 0.06866128
1.9624999 2.262357 0.083635725
0.68322587 3.0792904 0.21376126
0.49566668 3.970933 0.08404668
1.48 4.6747413 0.06826774
0.6343334 5.0049663 0.02521333
2.759355 4.869065 0.027009675
2.4170969 4.294677 0.1039097
3.9999998 3.4531 0.40676668
1.484194 2.563129 0.07001612
0.80066675 1.8626002 0.05496
2.5548387 1.5419356 0.080335476
0.37096772 1.7029033 0.0647742
2.0635715 2.262357 0.099496424
2.3261287 3.0792904 0.3445097
0.759 3.970933 0.25760332
0.04548387 4.6747413 0.116748385
0.23400001 5.0049663 0.039306667
4.383871 4.869065 0.040464517
2.479355 4.294677 0.06051613
0.7916666 3.4531 0.029100003
2.4864516 2.563129 0.03560645
1.4699999 1.8626002 0.047806665
0.8935484 1.5419356 0.05641613
0.15483871 1.7029033 0.03907742
0.08714286 2.262357 0.035835713
0.7080645 3.0792904 0.032245167
0.80099994 3.970933 0.03123
0.20903225 4.6747413 0.022587096
1.215 5.0049663 0.017256666
4.4816127 4.869065 0.039141934
4.4893546 4.294677 0.19603874
3.1293337 3.4531 0.08028001
0.089677416 2.563129 0.038467743
0.025333334 1.8626002 0.035013337
0.4232258 1.5419356 0.0327871
0.15870968 1.7029033 0.03152259
0.093448274 2.27531 0.02928276
1.8741937 3.109 0.03118064
0.16300003 3.9982333 0.028730003
0.020967742 4.69229 0.016338708
2.5703332 5.0080333 0.012896666
1.9483871 4.856871 0.022474194
2.7019353 4.2703223 0.019290319
0.16233332 3.4233334 0.0140366675
5.2138715 2.5359354 0.13646775
2.5973334 1.8452667 0.21469665
0.31999996 1.539129 0.05533548
1.7774192 1.7029033 0.040890325
1.3014286 2.262357 0.055814285
0.5390323 3.0792904 0.12389676
1.2179999 3.970933 0.10486334
0.9712903 4.6747413 0.05960322
1.1116668 5.0049663 0.0199
3.5993545 4.869065 0.02253548
3.6245162 4.294677 0.080296785
1.4909999 3.4531 0.049203336
0.3393548 2.563129 0.03196452
0.37633336 1.8626002 0.033770006
0.676129 1.5419356 0.032503225
