5.764838 0.47232255 2.8171194
4.6148276 0.94610333 0.9896344
7.1635475 2.0160646 1.2880291
14.157668 3.4192667 6.126064
2.8593547 4.769581 7.4436183
0.62200004 5.7072663 5.701097
6.4516126E-4 5.9761295 1.4889677
0.007741936 5.4954195 0.73180634
0.23933335 4.4084 0.5439099
0.7835484 3.0021288 0.5268419
5.1866665 1.6545333 0.75657994
7.615161 0.72919345 0.67476434
2.400645 0.47232255 0.5580773
7.322142 0.93110704 0.7019714
9.286451 1.9736129 1.9766743
0.47833332 3.3719332 5.6341968
3.2577422 4.7300973 6.1731515
0.031 5.6861997 2.199427
0.02 5.979097 0.7503514
0.5280645 5.521968 0.5234355
0.15066667 4.4510665 0.43101332
0.3367742 3.049387 0.4210129
4.247667 1.6938335 0.53457665
3.0129035 0.74990314 0.49696454
15.774516 0.47232255 2.3696516
7.9578567 0.93110704 3.768664
8.317419 1.9736129 3.6597419
4.522333 3.3719332 7.13613
2.8919353 4.7300973 8.008148
0.87200004 5.6861997 4.724784
0.12064516 5.979097 1.3509419
0.103548385 5.521968 0.69717735
0.4646667 4.4510665 0.5595333
8.186774 3.049387 0.95932585
17.321333 1.6938335 8.995754
14.276774 0.74990314 10.963039
10.570968 0.47232255 4.6795516
7.0135717 0.93110704 5.669051
4.3038707 1.9736129 4.038216
3.9716668 3.3719332 5.897636
3.4022584 4.7300973 6.193877
0.016333334 5.6861997 2.45594
0.0 5.979097 0.98151284
0.26387098 5.521968 0.6419484
0.256 4.4510665 0.5192134
6.5080647 3.049387 0.7341194
8.971665 1.6938335 1.0759733
15.029032 0.74990314 3.2395933
16.328707 0.47232255 2.070555
11.033103 0.94610333 4.88549
10.118063 2.0160646 3.2950644
2.5566669 3.4192667 9.5841255
1.2987096 4.769581 14.718992
1.4573333 5.7072663 11.489122
0.8316129 5.9761295 4.6316323
0.003870968 5.4954195 1.3296129
0.68200004 4.4084 0.8559834
0.09774193 3.0021288 0.6821709
3.6053336 1.6545333 0.73728997
15.328386 0.72919345 1.4342259
14.385485 0.47232255 6.807652
1.1610715 0.93110704 2.4044461
7.104839 1.9736129 2.5509515
7.644 3.3719332 5.5553102
4.5122576 4.7300973 6.4608927
1.4543334 5.6861997 7.6904836
0.028064515 5.979097 2.870648
0.21709678 5.521968 1.0773454
0.07266667 4.4510665 0.7655199
2.2122579 3.049387 0.7049774
7.1323333 1.6938335 1.11527
2.5832257 0.74990314 0.9839484
9.315161 0.47232255 1.6914966
8.403929 0.93110704 2.9514287
9.207418 1.9736129 5.141283
5.6726665 3.3719332 6.734973
0.06129032 4.7300973 5.425984
2.013 5.6861997 1.95173
0.0022580645 5.979097 0.8044838
0.26774195 5.521968 0.57293546
0.26066667 4.4510665 0.5029467
0.38258064 3.049387 0.49270323
5.6019998 1.6938335 0.7133634
10.15387 0.74990314 1.2749871
7.5054836 0.47232255 1.0592904
3.8635712 0.93110704 1.0448143
2.7174194 1.9736129 1.484458
8.341666 3.3719332 2.49475
1.5261291 4.7300973 5.886616
0.20266666 5.6861997 3.1240764
0.073548384 5.979097 0.8323807
6.4516126E-4 5.521968 0.5108678
0.96866673 4.4510665 0.46149334
1.0680646 3.049387 0.44808072
5.975667 1.6938335 0.62163335
34.76516 0.74990314 12.066364
16.173225 0.47232255 8.286141
9.047586 0.94610333 3.8723962
1.0961291 2.0160646 3.5306447
3.5286665 3.4192667 5.1287103
4.2245164 4.769581 9.518827
0.097 5.7072663 6.4721527
0.26967743 5.9761295 1.9782711
0.006451613 5.4954195 0.89299023
0.814 4.4084 0.7481166
6.9719353 3.0021288 0.90700644
0.05533333 1.6545333 0.87601334
1.890645 0.72919345 0.834713
5.7464514 0.47232255 0.9100646
13.119643 0.93110704 4.199282
8.222903 1.9736129 5.090687
3.9840002 3.3719332 3.9054465
8.366774 4.7300973 7.3924155
0.21366666 5.6861997 4.1732
0.0064516133 5.979097 1.1876936
0.0 5.521968 0.69608057
1.976 4.4510665 0.5933034
4.094516 3.049387 0.832271
3.8839998 1.6938335 1.1033069
9.502904 0.74990314 1.7585579
9.002903 0.47232255 1.9998356
19.130001 0.93110704 8.507358
13.601935 1.9736129 4.472881
7.5550003 3.3719332 6.674997
1.1696775 4.7300973 13.354632
1.6889999 5.6861997 7.893331
0.4448387 5.979097 2.158597
0.1667742 5.521968 1.0001581
0.6856667 4.4510665 0.7044133
0.753871 3.049387 0.61669993
2.518333 1.6938335 0.69295007
3.1032257 0.74990314 0.6442548
11.356774 0.47232255 2.7762775
12.804286 0.93110704 2.584118
2.722258 1.9736129 2.7685905
1.7176667 3.3719332 3.8627434
2.33 4.7300973 2.9416063
0.029666666 5.6861997 1.4020332
0.050967738 5.979097 0.5971935
0.3532258 5.521968 0.45282263
3.735 4.4510665 0.50484
0.09903225 3.049387 0.43698382
0.0 1.6938335 0.41022334
3.339677 0.74990314 0.47599682
10.677095 0.47232255 0.92322576
14.699656 0.94610333 4.6059313
10.167742 2.0160646 5.2069964
2.723667 3.4192667 4.8380494
2.673871 4.769581 4.310345
3.3333333E-4 5.7072663 2.40894
0.07580644 5.9761295 0.8144741
0.046451613 5.4954195 0.5473258
0.122999996 4.4084 0.45796007
0.78451616 3.0021288 0.4580645
9.445002 1.6545333 0.7066734
3.8587098 0.72919345 0.9312741
3.2119355 0.47232255 0.7105839
5.2049994 0.93110704 1.9109215
7.689678 1.9736129 1.9000999
3.6049998 3.3719332 3.2314134
3.596452 4.7300973 3.8634965
0.43766668 5.6861997 2.2339435
0.025483869 5.979097 0.68473864
0.47451612 5.521968 0.49684513
0.32966664 4.4510665 0.3992734
2.112903 3.049387 0.40834185
6.203666 1.6938335 0.48294
3.8638709 0.74990314 0.89506775
4.089032 0.47232255 0.74436116
21.73036 0.93110704 4.052814
8.061612 1.9736129 2.1950548
1.6676667 3.3719332 6.779567
1.5903226 4.7300973 6.035371
0.16200002 5.6861997 4.3416395
0.13870966 5.979097 1.0921031
0.5032258 5.521968 0.63158715
0.39200002 4.4510665 0.5119
20.757095 3.049387 5.3169737
3.082 1.6938335 1.3212733
5.8312907 0.74990314 3.5272164
12.363226 0.47232255 3.470281
4.406786 0.93110704 8.822296
9.132903 1.9736129 2.505355
13.432333 3.3719332 6.7242703
3.422903 4.7300973 9.668787
1.1859998 5.6861997 4.0944605
0.007741935 5.979097 1.3824033
0.07870967 5.521968 0.83166134
1.1603333 4.4510665 0.69194
3.112903 3.049387 0.69010967
14.027998 1.6938335 2.4379294
1.2829032 0.74990314 1.2002355
9.0835495 0.47232255 1.398613
0.7403448 0.94610333 1.4577967
4.8358064 2.0160646 1.5166451
1.8496667 3.4192667 3.7169833
3.870968 4.769581 5.277242
1.8359998 5.7072663 2.9917798
0.04677419 5.9761295 0.9613774
0.36354837 5.4954195 0.6219484
0.033666667 4.4084 0.51215667
1.0009677 3.0021288 0.42015487
10.3289995 1.6545333 0.8212101
31.506773 0.72919345 14.475867
12.848387 0.47232255 8.160551
2.087857 0.93110704 3.9069002
3.7719355 1.9736129 2.9471033
6.954334 3.3719332 7.1537833
0.8916129 4.7300973 7.696017
1.1866668 5.6861997 5.8138475
0.17064516 5.979097 1.7786615
2.779032 5.521968 1.0597839
0.55866665 4.4510665 0.7277132
0.4880645 3.049387 0.63682896
11.461667 1.6938335 1.2124165
7.714839 0.74990314 0.92700964
4.5887094 0.47232255 1.3350997
4.1096425 0.93110704 1.3191179
3.1941936 1.9736129 2.7779744
3.0496666 3.3719332 5.9316497
0.913871 4.7300973 5.143358
0.09533333 5.6861997 1.5175666
0.025483869 5.979097 0.72595805
0.042903222 5.521968 0.5144032
0.100999996 4.4510665 0.4656534
0.016451612 3.049387 0.44477743
15.629667 1.6938335 1.7760965
10.64129 0.74990314 3.2889707
17.440968 0.47232255 3.751684
0.8703572 0.93110704 3.692936
13.852259 1.9736129 5.3638024
7.914667 3.3719332 3.338997
2.5019357 4.7300973 10.495697
2.6250005 5.6861997 11.479036
0.022258062 5.979097 3.7752125
0.19290322 5.521968 1.1726904
0.608 4.4510665 0.79134345
2.7399998 3.049387 0.75924194
4.925333 1.6938335 0.69394666
6.924193 0.74990314 1.0043129
10.044194 0.47232255 1.7387934
8.905173 0.94610333 5.72069
5.60129 2.0160646 3.4673612
0.5776667 3.4192667 3.7511365
1.0877419 4.769581 3.9734836
0.6433334 5.7072663 1.7238098
0.04548387 5.9761295 0.69449353
2.1641934 5.4954195 0.60133547
0.06833334 4.4084 0.47246006
4.2664514 3.0021288 0.6041451
8.039332 1.6545333 1.2081233
12.050646 0.72919345 1.4806741
27.851934 0.47232255 9.614286
15.636429 0.93110704 3.817928
1.6500001 1.9736129 3.1670358
4.45 3.3719332 7.5569406
0.42290324 4.7300973 13.429003
1.4563333 5.6861997 7.735463
0.06225807 5.979097 1.9418063
0.0 5.521968 0.9045774
0.023666667 4.4510665 0.6981099
4.367742 3.049387 0.8372742
3.0986667 1.6938335 0.80848986
16.646452 0.74990314 4.7135673
26.798714 0.47232255 15.234737
5.547857 0.93110704 4.5709105
3.7922578 1.9736129 3.860322
2.846333 3.3719332 2.8640203
0.70838714 4.7300973 4.809042
1.5973331 5.6861997 2.7531495
0.022903224 5.979097 0.9384711
0.0074193543 5.521968 0.5931742
0.22433333 4.4510665 0.50546664
2.9799998 3.049387 0.57743555
17.299 1.6938335 2.3833735
15.55871 0.74990314 3.0323193
6.5332265 0.47232255 3.3976102
1.6228571 0.93110704 3.1710534
11.107095 1.9736129 4.716248
2.9959998 3.3719332 5.315553
3.391936 4.7300973 8.6189995
1.7893331 5.6861997 8.593844
0.11032258 5.979097 2.9464839
0.20580643 5.521968 1.1201421
1.3826667 4.4510665 0.76929665
0.77903223 3.049387 0.7342419
5.827 1.6938335 0.9351034
11.576775 0.74990314 1.2286612
4.8196774 0.47232255 1.6485612
7.3331037 0.94610333 2.2124484
2.771613 2.0160646 5.6576447
6.6953335 3.4192667 4.839563
1.1832259 4.769581 6.026831
0.7366667 5.7072663 3.0837529
0.0022580645 5.9761295 0.98980325
0.0983871 5.4954195 0.62987745
2.4746668 4.4084 0.62164664
4.502902 3.0021288 0.8804289
8.967667 1.6545333 1.4880834
7.877097 0.72919345 2.8663805
15.388065 0.47232255 4.7450166
11.721786 0.93110704 3.3707104
5.043548 1.9736129 3.2232482
0.8019999 3.3719332 4.91945
1.2467742 4.7300973 8.448316
0.038 5.6861997 2.8623834
0.088064514 5.979097 0.9746775
0.6748387 5.521968 0.679258
1.5949999 4.4510665 0.60978997
5.0077424 3.049387 0.7226548
24.091333 1.6938335 6.645013
9.914839 0.74990314 4.673323
11.582581 0.47232255 8.757636
6.7325006 0.93110704 3.0623932
16.671936 1.9736129 9.121345
4.3286667 3.3719332 7.642607
0.2680645 4.7300973 9.457861
0.29400003 5.6861997 6.2684326
4.084516 5.979097 2.1963902
0.20645161 5.521968 0.95711297
0.0 4.4510665 0.6711533
2.392258 3.049387 0.6415903
3.0786667 1.6938335 0.7110933
4.9409676 0.74990314 0.7631355
5.105484 0.47232255 1.0024903
16.783928 0.93110704 2.6675427
13.459032 1.9736129 3.941158
5.8943334 3.3719332 3.3140671
1.346129 4.7300973 9.704142
0.539 5.6861997 9.5072775
0.09806451 5.979097 2.3325741
1.4245161 5.521968 1.0016258
0.3416667 4.4510665 0.72231
8.0190325 3.049387 1.1164901
3.4623334 1.6938335 1.2718831
2.04 0.74990314 0.9856613
1.205484 0.47232255 0.8282484
7.3055177 0.94610333 1.1285723
2.470968 2.0160646 1.824268
2.1460001 3.4192667 2.0074134
0.3467742 4.769581 2.549974
0.44133332 5.7072663 0.80294997
0.042903226 5.9761295 0.46161288
2.9354837 5.4954195 0.48137408
1.3516668 4.4084 0.4078333
0.50225806 3.0021288 0.38358715
1.8173333 1.6545333 0.41703334
0.27096772 0.72919345 0.36762255
3.4983866 0.47232255 0.44588703
4.542143 0.93110704 0.5217285
3.0435486 1.9736129 0.5708612
0.85400003 3.3719332 0.91041005
4.075806 4.7300973 1.2668097
0.5133334 5.6861997 0.69358337
0.10387096 5.979097 0.3126226
0.3732258 5.521968 0.25237742
1.7110001 4.4510665 0.26824
0.5174194 3.049387 0.27152255
5.024667 1.6938335 0.40480998
13.560969 0.74990314 2.0721421
19.381937 0.47232255 5.3987966
9.509999 0.93110704 3.5698218
9.913872 1.9736129 6.1743712
8.343666 3.3719332 5.8384304
1.879355 4.7300973 8.373923
0.418 5.6861997 6.8565516
0.10967741 5.979097 1.9181516
0.11903225 5.521968 0.8110516
3.556333 4.4510665 0.8271266
0.074193545 3.049387 0.56439996
4.321667 1.6938335 0.6449465
2.6951613 0.74990314 0.61597735
7.75 0.47232255 1.4244677
14.394285 0.93110704 1.5603535
5.132581 1.9736129 3.3906646
4.426333 3.3719332 4.248153
3.1935484 4.7300973 8.291017
0.13533333 5.6861997 2.8093367
0.2629032 5.979097 0.972971
0.5016129 5.521968 0.65072256
0.13433334 4.4510665 0.5179433
6.525807 3.049387 0.8347064
5.0386667 1.6938335 1.0437101
10.104194 0.74990314 1.2599936
18.143225 0.47232255 12.763895
17.176897 0.94610333 7.7470074
6.124515 2.0160646 4.796594
2.493 3.4192667 5.77379
3.1183865 4.769581 7.9496274
0.74333346 5.7072663 4.8782406
0.7612904 5.9761295 1.7790389
0.053870965 5.4954195 0.8360579
0.18733335 4.4084 0.64834994
1.692903 3.0021288 0.5940355
2.7843332 1.6545333 0.63159335
5.643225 0.72919345 1.0614903
10.426775 0.47232255 1.1742806
5.2785716 0.93110704 2.6176035
8.203225 1.9736129 2.7657807
1.748 3.3719332 4.0279303
2.4719355 4.7300973 3.3731
0.030666668 5.6861997 1.1317767
0.0019354838 5.979097 0.56525475
0.0022580645 5.521968 0.40882266
1.3366666 4.4510665 0.38062665
7.98258 3.049387 0.6877872
20.758667 1.6938335 7.8150897
17.727097 0.74990314 10.327431
7.8345156 0.47232255 4.4992166
10.685358 0.93110704 9.514392
13.526129 1.9736129 6.0743966
13.136666 3.3719332 10.666388
0.4122581 4.7300973 11.409901
1.7516667 5.6861997 6.3360806
0.10806451 5.979097 2.1064095
0.112580635 5.521968 1.0360131
4.210667 4.4510665 0.95451
8.826775 3.049387 1.627845
12.454666 1.6938335 2.35716
11.205483 0.74990314 4.39181
10.474839 0.47232255 3.5356383
18.729641 0.93110704 6.1937604
18.123226 1.9736129 9.9772625
8.185 3.3719332 5.6632943
1.5919356 4.7300973 11.174593
1.0140002 5.6861997 13.707815
0.21967742 5.979097 5.2322397
0.963871 5.521968 1.5763935
1.8209999 4.4510665 0.9682366
4.3503227 3.049387 1.0366257
20.652998 1.6938335 6.731573
19.709354 0.74990314 9.987266
0.6019355 0.47232255 5.0528936
8.262069 0.94610333 3.4806104
6.382258 2.0160646 4.651748
3.690667 3.4192667 4.3838534
1.2470967 4.769581 7.0961294
1.8050001 5.7072663 3.5315201
0.24354841 5.9761295 1.1787903
0.4912903 5.4954195 0.7553322
0.9316667 4.4084 0.63335997
4.104516 3.0021288 0.7626516
15.168331 1.6545333 2.15722
2.8583872 0.72919345 1.3763127
1.2403225 0.47232255 0.9783387
6.6803575 0.93110704 1.431032
9.190322 1.9736129 1.8343807
0.7243334 3.3719332 5.440656
0.25225806 4.7300973 4.356561
0.24866667 5.6861997 1.4472535
0.31290323 5.979097 0.6873031
0.21322581 5.521968 0.5163645
2.5896668 4.4510665 0.55587333
1.6690323 3.049387 0.5236677
10.203668 1.6938335 0.7205433
5.8858066 0.74990314 1.3380226
9.377419 0.47232255 3.2598321
34.30286 0.93110704 16.50513
12.256775 1.9736129 10.592987
2.0326667 3.3719332 5.3798156
2.0416129 4.7300973 5.013629
0.081333324 5.6861997 2.7132196
0.074838705 5.979097 1.020158
0.032258064 5.521968 0.7064419
7.0519996 4.4510665 0.8669501
1.1212904 3.049387 0.8014386
0.93299997 1.6938335 0.5861066
1.9219358 0.74990314 0.5562226
6.1509676 0.47232255 0.72314507
7.984286 0.93110704 2.2057464
7.596129 1.9736129 2.6634839
1.2383333 3.3719332 3.14499
1.4770968 4.7300973 1.9789968
0.24533333 5.6861997 0.7155033
0.506129 5.979097 0.5062355
0.01548387 5.521968 0.39224193
0.0026666666 4.4510665 0.35882327
1.2254838 3.049387 0.37212905
3.7550004 1.6938335 0.44323996
12.665485 0.74990314 1.7881743
8.555483 0.47232255 1.4505645
0.59517235 0.94610333 1.2927966
0.9558066 2.0160646 1.868287
4.127333 3.4192667 2.21001
2.2454839 4.769581 1.8114649
1.2466664 5.7072663 0.9669901
0.64548385 5.9761295 0.49441612
0.03 5.4954195 0.36529672
0.14433333 4.4084 0.32266667
0.11935481 3.0021288 0.324829
15.387332 1.6545333 1.5130267
6.5064516 0.72919345 0.8519097
3.365161 0.47232255 1.0219839
6.0471435 0.93110704 1.8787822
19.634193 1.9736129 10.043592
2.7766669 3.3719332 8.084835
1.5803226 4.7300973 5.2761354
0.9150001 5.6861997 2.3808506
0.0038709673 5.979097 0.85763556
1.3025806 5.521968 0.6174419
3.2913332 4.4510665 0.59014326
8.32129 3.049387 1.0732
4.6829996 1.6938335 0.9861233
0.013870967 0.74990314 0.8187387
8.293871 0.47232255 1.549074
7.1564283 0.93110704 1.2317715
3.554839 1.9736129 2.995871
2.4570003 3.3719332 4.1240635
6.9264517 4.7300973 3.0014737
0.087999985 5.6861997 2.339783
0.17451614 5.979097 0.75435483
0.32161292 5.521968 0.4881871
1.1136667 4.4510665 0.41047665
1.2251614 3.049387 0.42455482
1.6703334 1.6938335 0.44538
3.6241934 0.74990314 0.43965814
0.7796775 0.47232255 0.44271287
4.2524996 0.93110704 0.53739285
20.301613 1.9736129 3.5312426
2.0963333 3.3719332 3.63673
3.133548 4.7300973 4.440574
1.5873334 5.6861997 2.5839431
0.41258064 5.979097 0.78885466
0.88354844 5.521968 0.52086127
0.39366668 4.4510665 0.40418002
4.235162 3.049387 0.47906125
3.479333 1.6938335 0.57627994
3.5341935 0.74990314 0.5856193
2.1516125 0.47232255 0.6077903
11.4441395 0.94610333 2.3193243
3.949032 2.0160646 2.4339004
2.336 3.4192667 3.6997163
0.20580648 4.769581 1.5805322
1.968 5.7072663 0.6425633
0.16580646 5.9761295 0.46210966
0.19032258 5.4954195 0.31628063
0.07033333 4.4084 0.28726673
5.576775 3.0021288 0.4300354
0.8050001 1.6545333 0.4992933
16.947416 0.72919345 1.1513517
16.319355 0.47232255 3.9794424
13.233569 0.93110704 3.1613357
7.975161 1.9736129 7.452894
3.6840003 3.3719332 6.4595556
3.3348389 4.7300973 9.900461
2.3040001 5.6861997 6.58302
0.017096773 5.979097 1.793545
0.50548387 5.521968 0.8854322
0.07966666 4.4510665 0.64318335
2.9809675 3.049387 0.69803226
3.859 1.6938335 0.62478995
5.7625804 0.74990314 0.9515129
2.590645 0.47232255 0.81276137
9.066071 0.93110704 1.2054608
1.5912904 1.9736129 2.3935385
2.4833333 3.3719332 2.8806531
2.1109674 4.7300973 2.9335616
0.08066666 5.6861997 0.95237005
0.01 5.979097 0.48940963
6.4516126E-4 5.521968 0.3613936
0.9506666 4.4510665 0.34862667
0.9022581 3.049387 0.4376128
10.263334 1.6938335 0.59355
8.625484 0.74990314 1.2103646
23.461935 0.47232255 8.1114235
1.9875001 0.93110704 4.291072
21.863548 1.9736129 11.618645
9.504667 3.3719332 8.0520735
5.2861285 4.7300973 13.446077
2.6756663 5.6861997 11.921266
0.25451615 5.979097 4.8501196
0.008387096 5.521968 1.3433872
0.009333333 4.4510665 0.8414999
0.011290322 3.049387 0.6876709
1.206 1.6938335 0.65075
13.898386 0.74990314 2.6562939
14.878711 0.47232255 3.562574
16.208965 0.94610333 10.326867
7.5945168 2.0160646 5.483042
6.9059997 3.4192667 7.1310935
8.46355 4.769581 13.032745
0.315 5.7072663 4.193353
0.22000001 5.9761295 1.4370322
0.09129031 5.4954195 0.8656774
0.9533333 4.4084 0.7284733
1.8322581 3.0021288 0.6588968
7.279334 1.6545333 1.53029
27.01097 0.72919345 11.171044
20.56097 0.47232255 17.108765
1.0485715 0.93110704 4.2142572
2.7138705 1.9736129 3.8004544
2.2793338 3.3719332 5.454903
0.9125806 4.7300973 4.8275647
2.027 5.6861997 1.9503331
0.11935483 5.979097 0.9221257
0.55870974 5.521968 0.6804806
0.4776667 4.4510665 0.60349333
3.297097 3.049387 0.635858
8.183666 1.6938335 0.9556366
4.5867743 0.74990314 1.1324548
16.44129 0.47232255 5.4045258
20.76357 0.93110704 5.477643
8.187419 1.9736129 6.254722
5.8770003 3.3719332 5.7793264
6.890968 4.7300973 9.061593
1.3209999 5.6861997 11.707089
0.0964516 5.979097 4.0197964
0.10612902 5.521968 1.2552292
2.6839993 4.4510665 0.95840675
1.6712904 3.049387 0.8328773
12.942333 1.6938335 1.7166268
4.0580645 0.74990314 2.5820415
11.65 0.47232255 4.4580035
18.655355 0.93110704 6.0304284
4.5461287 1.9736129 4.690029
4.007667 3.3719332 4.813483
1.2487099 4.7300973 8.723858
0.395 5.6861997 5.863366
0.17903227 5.979097 1.5926095
0.5235484 5.521968 0.8965291
0.16200002 4.4510665 0.69245654
2.878387 3.049387 0.6858323
5.948333 1.6938335 0.83519006
1.2564516 0.74990314 0.7775227
14.9106455 0.47232255 3.0541482
17.690346 0.94610333 5.729024
3.025161 2.0160646 4.428381
3.179667 3.4192667 6.1470895
2.349032 4.769581 6.507232
0.4323334 5.7072663 2.4362798
0.0029032258 5.9761295 0.9565161
0.012258065 5.4954195 0.65730643
1.1963333 4.4084 0.6137032
4.680645 3.0021288 0.6293871
2.1386669 1.6545333 0.61710334
2.8393548 0.72919345 0.6990129
4.4390326 0.47232255 0.66633224
8.341429 0.93110704 0.9449357
4.0816126 1.9736129 2.4445064
5.0540004 3.3719332 2.8019235
0.19129032 4.7300973 3.241174
0.29 5.6861997 0.79714
0.114516124 5.979097 0.51330644
0.004193548 5.521968 0.4117517
0.6703333 4.4510665 0.38692665
1.6248387 3.049387 0.38710973
10.0460005 1.6938335 0.81855994
13.722903 0.74990314 1.7221
