6.800646 0.0061612898 6.2585096
5.346553 0.34075862 4.224993
4.112903 1.1782259 3.512674
5.6796656 2.2655997 3.0189536
2.769032 3.303354 2.2475612
2.6230004 4.0149994 1.4743867
0.72612906 4.205871 0.62241614
0.60161287 3.818258 0.39438066
1.0550001 2.9674 0.37993333
1.6577419 1.8776774 0.39537737
6.0500007 0.8424 1.1243033
7.1929045 0.1456774 4.988799
1.2890323 0.0061612898 1.2980677
7.4882135 0.32896426 5.367415
3.1474195 1.1451614 3.161826
1.4843333 2.2290664 2.0657334
2.7283866 3.273161 2.4536712
0.377 3.9992328 0.8283767
0.033870965 4.2087097 0.41220966
0.02580645 3.839258 0.30989033
1.4853333 3.0006 0.30605
2.5951617 1.9141614 0.42760962
4.596333 0.87243336 0.70596665
4.600967 0.1596774 1.5372418
11.750322 0.0061612898 5.9025393
3.9339283 0.32896426 4.8675714
6.095161 1.1451614 5.2415423
1.9916666 2.2290664 2.4613264
1.1203226 3.273161 1.9358902
2.4806664 3.9992328 1.4508632
0.077419356 4.2087097 0.57261294
0.20129032 3.839258 0.35654834
0.8273334 3.0006 0.31598
12.578387 1.9141614 3.6838615
6.6370006 0.87243336 4.771177
5.4187093 0.1596774 4.984787
9.004517 0.0061612898 7.19444
6.424642 0.32896426 5.246746
4.151935 1.1451614 3.6081033
1.5043334 2.2290664 1.7096866
1.6741935 3.273161 1.5255355
0.023999996 3.9992328 0.64134324
0.02709677 4.2087097 0.41053876
0.22129032 3.839258 0.29670003
1.157 3.0006 0.28426668
6.266774 1.9141614 1.0551386
7.744667 0.87243336 2.08755
9.395483 0.1596774 6.584312
6.583547 0.0061612898 3.9778707
5.032413 0.34075862 5.2475796
4.3912907 1.1782259 3.5748713
1.4426669 2.2655997 2.9806206
1.1696774 3.303354 1.8026189
3.4426665 4.0149994 1.2134967
0.02516129 4.205871 0.7542709
0.13419354 3.818258 0.37194195
0.9123334 2.9674 0.33295667
0.39387098 1.8776774 0.29810318
2.0366664 0.8424 0.35068333
9.372904 0.1456774 2.2111614
11.440645 0.0061612898 8.416757
6.3910713 0.32896426 5.934003
4.356451 1.1451614 2.9977388
2.9293334 2.2290664 1.7115034
4.7361293 3.273161 2.8806255
2.055333 3.9992328 2.47224
0.017419353 4.2087097 0.7407871
1.5812904 3.839258 0.4652097
1.2936667 3.0006 0.39688
2.5693548 1.9141614 0.46779677
10.320333 0.87243336 3.9802704
6.7322583 0.1596774 5.7762256
11.614516 0.0061612898 7.127213
4.3589287 0.32896426 5.491803
2.873549 1.1451614 2.1012392
3.2076669 2.2290664 2.69022
0.7893548 3.273161 1.1461356
2.2383335 3.9992328 0.94983333
0.14516129 4.2087097 0.51668715
1.2780646 3.839258 0.4265322
1.3733332 3.0006 0.40182
1.7409676 1.9141614 0.38441613
3.1046667 0.87243336 0.4966334
5.86613 0.1596774 1.4031323
3.8399997 0.0061612898 2.650484
2.6375 0.32896426 2.1547215
4.912581 1.1451614 3.1022131
5.666001 2.2290664 3.7344332
0.86774194 3.273161 2.3995128
0.7476666 3.9992328 1.25995
0.47677422 4.2087097 0.53359354
0.0012903225 3.839258 0.31852576
1.614 3.0006 0.31437668
4.737742 1.9141614 0.5202871
7.1120005 0.87243336 2.7380564
14.996451 0.1596774 12.05575
10.33387 0.0061612898 9.056252
8.160001 0.34075862 4.248711
3.7593548 1.1782259 4.547122
1.1836667 2.2655997 3.0294173
3.7651613 3.303354 2.515129
1.7429999 4.0149994 1.3747333
0.3383871 4.205871 0.6068451
1.7806451 3.818258 0.38634515
0.5413333 2.9674 0.33399332
7.255484 1.8776774 1.0731355
1.4923329 0.8424 1.4757764
5.494839 0.1456774 4.154752
3.3806453 0.0061612898 1.5319905
6.4417853 0.32896426 4.272736
8.316451 1.1451614 5.70933
1.896 2.2290664 2.3568468
2.606774 3.273161 1.2992517
0.6326667 3.9992328 0.6881534
0.32774192 4.2087097 0.3851774
0.22967741 3.839258 0.32120645
1.9703333 3.0006 0.31609002
3.0003223 1.9141614 0.5811387
3.9153333 0.87243336 1.3111566
10.144838 0.1596774 5.7425675
7.951613 0.0061612898 5.4385285
10.458929 0.32896426 8.108001
3.2545164 1.1451614 2.3846934
2.8619998 2.2290664 2.8136632
1.4606452 3.273161 1.2776581
3.8396668 3.9992328 1.3708469
0.71677417 4.2087097 0.5222903
0.15580645 3.839258 0.34390965
0.92566675 3.0006 0.31410664
1.9309679 1.9141614 0.3257387
6.746332 0.87243336 1.6307131
3.9454834 0.1596774 1.6058161
7.998063 0.0061612898 5.2317433
5.8842845 0.32896426 4.3775606
3.7219355 1.1451614 2.3815968
1.0196667 2.2290664 1.8981032
2.3083873 3.273161 1.3153288
0.7826666 3.9992328 0.63555336
0.1083871 4.2087097 0.3429
0.18064518 3.839258 0.30271617
2.2886665 3.0006 0.31764665
2.4464514 1.9141614 0.4934129
1.4473332 0.87243336 0.43001667
2.8941934 0.1596774 0.5776323
4.369032 0.0061612898 1.5789418
7.274139 0.34075862 4.574096
8.17129 1.1782259 4.686429
3.1160002 2.2655997 3.2756107
4.6612906 3.303354 2.679452
0.08299999 4.0149994 1.0546767
0.1883871 4.205871 0.3886098
0.67612904 3.818258 0.30221936
0.5880001 2.9674 0.29064
2.176774 1.8776774 0.31841615
10.707001 0.8424 2.5010366
2.7648387 0.1456774 2.2140064
2.773226 0.0061612898 1.1670711
10.1378565 0.32896426 6.0419807
8.050967 1.1451614 5.9362097
1.8269999 2.2290664 1.9073565
2.9022586 3.273161 1.7404325
0.8303334 3.9992328 0.8064
0.27161294 4.2087097 0.35528383
0.28612906 3.839258 0.2597387
1.2546664 3.0006 0.27622667
5.0483875 1.9141614 0.57141614
9.902333 0.87243336 3.9404867
5.402257 0.1596774 4.706019
2.132258 0.0061612898 1.8017935
4.107857 0.32896426 2.6253643
5.1087093 1.1451614 3.8530517
2.5866663 2.2290664 2.23677
2.077419 3.273161 1.6416386
0.5073334 3.9992328 0.82517666
0.016451612 4.2087097 0.36850965
1.1109678 3.839258 0.33025488
1.2816669 3.0006 0.2694
6.289355 1.9141614 1.2608386
6.95 0.87243336 2.3314066
3.5035489 0.1596774 3.13201
2.263226 0.0061612898 0.73442256
5.581429 0.32896426 4.3344636
4.472581 1.1451614 2.2537613
5.778666 2.2290664 4.444633
4.104516 3.273161 4.0627546
2.1176667 3.9992328 0.7668667
0.43 4.2087097 0.46184835
0.08193548 3.839258 0.29418388
1.735 3.0006 0.31791
2.423871 1.9141614 0.36842576
8.015666 0.87243336 2.5010366
2.9951615 0.1596774 1.5861484
11.184194 0.0061612898 6.5829897
1.6331035 0.34075862 2.6971757
5.3764515 1.1782259 3.6076832
1.6709999 2.2655997 2.03131
0.9719356 3.303354 1.5577677
2.007333 4.0149994 1.4126301
0.59935486 4.205871 0.50814503
0.25032258 3.818258 0.34943554
0.5923334 2.9674 0.29982668
0.7967742 1.8776774 0.29518712
9.051666 0.8424 1.2891033
18.026451 0.1456774 13.293299
8.09484 0.0061612898 8.4334135
2.419643 0.32896426 2.7014534
0.8570968 1.1451614 1.4868549
3.575333 2.2290664 1.8417833
1.1593548 3.273161 1.1143292
0.6966667 3.9992328 0.61591333
0.13322581 4.2087097 0.36039355
1.1303226 3.839258 0.323229
0.03166667 3.0006 0.28656334
1.8880646 1.9141614 0.32894513
5.429 0.87243336 0.66652673
6.799355 0.1596774 1.8233032
8.697743 0.0061612898 6.7800484
2.6282146 0.32896426 2.0673215
4.822581 1.1451614 4.0781646
1.0090001 2.2290664 2.2736163
0.48161292 3.273161 0.9116518
0.777 3.9992328 0.4760401
1.3909675 4.2087097 0.3590516
0.24516128 3.839258 0.26213548
1.5053331 3.0006 0.28595674
2.4251611 1.9141614 0.3882226
9.609333 0.87243336 2.7191198
6.2906456 0.1596774 4.3203382
7.503226 0.0061612898 4.6056485
2.4814284 0.32896426 2.933539
4.0296774 1.1451614 2.385784
3.0119998 2.2290664 1.7051901
1.546129 3.273161 1.7698097
0.47599998 3.9992328 0.86479336
3.2258063E-4 4.2087097 0.34667748
0.021935483 3.839258 0.25519678
1.2323334 3.0006 0.24889337
3.8061292 1.9141614 0.47021934
2.4399998 0.87243336 0.44827998
5.0041924 0.1596774 1.7318064
5.5780644 0.0061612898 2.7563908
4.82 0.34075862 4.47521
2.8606448 1.1782259 1.672616
1.3076667 2.2655997 0.92552334
2.045161 3.303354 0.6599064
0.49500006 4.0149994 0.43650663
0.17838714 4.205871 0.2536871
2.8490322 3.818258 0.2757064
1.4913332 2.9674 0.29133996
3.9783866 1.8776774 0.49708712
8.147666 0.8424 2.8183298
7.979678 0.1456774 4.822216
10.06613 0.0061612898 4.838616
2.9721427 0.32896426 4.664786
2.0141935 1.1451614 2.5635095
2.3249996 2.2290664 2.0819135
2.0851612 3.273161 1.6680968
2.7253335 3.9992328 0.82691
0.11193548 4.2087097 0.48947737
9.677419E-4 3.839258 0.27797744
1.4209999 3.0006 0.2728667
3.8064516 1.9141614 0.49106774
2.0446668 0.87243336 0.55492336
10.182581 0.1596774 4.0464287
11.711613 0.0061612898 8.538978
3.0075 0.32896426 2.596822
2.3893545 1.1451614 2.4520004
3.218 2.2290664 1.1463667
1.2641934 3.273161 1.7524742
0.975 3.9992328 0.5882367
0.021935482 4.2087097 0.3201194
0.026774192 3.839258 0.23234516
1.0086668 3.0006 0.25422332
3.77 1.9141614 0.41164196
8.552668 0.87243336 2.3191135
6.6477423 0.1596774 3.9242868
8.624193 0.0061612898 7.784871
5.7374997 0.32896426 3.1185393
6.576452 1.1451614 5.8206806
3.3703332 2.2290664 3.2470663
2.2845163 3.273161 2.067661
1.5103334 3.9992328 1.3059634
0.07774193 4.2087097 0.5911936
0.6909677 3.839258 0.3324226
2.7626665 3.0006 0.37811664
2.150645 1.9141614 0.47549352
8.790667 0.87243336 2.8508666
8.307097 0.1596774 5.7167096
8.634516 0.0061612898 7.3041897
5.907242 0.34075862 4.5093007
6.457419 1.1782259 7.0326977
4.2383337 2.2655997 2.742037
1.6958067 3.303354 1.6361163
1.1600001 4.0149994 0.9845201
0.029032256 4.205871 0.46394524
0.773871 3.818258 0.36114514
1.3583333 2.9674 0.35666662
2.3519356 1.8776774 0.4084452
3.5463336 0.8424 0.6942166
6.3722577 0.1456774 2.3079195
4.9790325 0.0061612898 2.879955
2.0614285 0.32896426 1.435393
4.001291 1.1451614 1.9945871
2.2116668 2.2290664 2.0922134
1.0345161 3.273161 0.8548065
0.7453333 3.9992328 0.41375667
0.06483871 4.2087097 0.25676128
0.2719355 3.839258 0.21305163
2.482 3.0006 0.29527333
3.7206447 1.9141614 0.43213555
17.453999 0.87243336 7.65692
7.911613 0.1596774 7.252203
10.069353 0.0061612898 8.102233
7.0357137 0.32896426 4.2182355
8.218387 1.1451614 6.036664
3.1443336 2.2290664 3.7777696
1.1635482 3.273161 1.6066517
0.63000005 3.9992328 1.3962802
0.5964516 4.2087097 0.54607415
0.08354838 3.839258 0.3317645
0.022333333 3.0006 0.29134998
1.5441935 1.9141614 0.3199419
4.544667 0.87243336 0.6435934
7.950645 0.1596774 2.868729
6.293225 0.0061612898 4.771406
7.295714 0.32896426 5.0075254
7.094838 1.1451614 4.8434033
3.3173335 2.2290664 2.5721467
1.4051613 3.273161 2.3822615
0.74233335 3.9992328 1.3131636
0.6425807 4.2087097 0.5782193
1.2658064 3.839258 0.37654516
0.32933334 3.0006 0.32569334
5.3696766 1.9141614 0.67423874
7.285666 0.87243336 1.8739465
6.119355 0.1596774 4.9366612
6.1132255 0.0061612898 5.8536673
4.9351726 0.34075862 2.341362
4.2151613 1.1782259 2.417013
2.7063332 2.2655997 2.6771631
0.9058064 3.303354 1.4348677
0.6126667 4.0149994 0.81617665
0.72 4.205871 0.44251287
3.3325806 3.818258 0.48454195
0.99133337 2.9674 0.35710663
1.1829032 1.8776774 0.34499684
0.98833334 0.8424 0.35951668
0.8919355 0.1456774 0.3212871
1.4629031 0.0061612898 0.37370318
3.192857 0.32896426 0.35416073
4.450968 1.1451614 1.4670967
1.2953335 2.2290664 1.0632334
4.3580647 3.273161 1.5355805
0.39599997 3.9992328 0.5661067
0.095483854 4.2087097 0.25599682
1.573226 3.839258 0.2281
3.535333 3.0006 0.32994
2.1964517 1.9141614 0.39957097
8.855999 0.87243336 3.6341665
7.9696774 0.1596774 4.949629
4.8932257 0.0061612898 3.6679485
5.444286 0.32896426 3.9725323
2.1480644 1.1451614 1.2645032
3.8496668 2.2290664 1.5608898
1.7709676 3.273161 1.1298258
1.4106667 3.9992328 0.5304533
0.7074193 4.2087097 0.371029
1.7674192 3.839258 0.28989682
3.4706664 3.0006 0.50726664
0.28903225 1.9141614 0.31072584
3.8809998 0.87243336 0.40410998
3.3345165 0.1596774 1.9087741
3.9561288 0.0061612898 2.0941224
8.55 0.32896426 4.115904
2.9267738 1.1451614 2.9581385
5.519667 2.2290664 3.5072634
2.432581 3.273161 2.2339253
0.9123333 3.9992328 0.55252004
0.3519355 4.2087097 0.31765157
1.3858064 3.839258 0.25676453
1.0173334 3.0006 0.29140338
5.8438716 1.9141614 0.5710775
5.3113327 0.87243336 1.6955932
5.3045163 0.1596774 2.5860295
6.070968 0.0061612898 5.207894
3.823103 0.34075862 1.9497691
4.416774 1.1782259 2.8760133
3.7423332 2.2655997 2.50632
1.6232258 3.303354 1.105371
1.6959999 4.0149994 0.6939534
0.22806454 4.205871 0.32137746
0.057419352 3.818258 0.2626162
0.6993334 2.9674 0.26643002
1.9190323 1.8776774 0.30304196
5.4826665 0.8424 0.7861534
8.382257 0.1456774 3.883255
2.1135485 0.0061612898 1.1189969
4.5532146 0.32896426 2.6216607
4.0974193 1.1451614 1.8172774
2.1716666 2.2290664 1.88183
2.9358068 3.273161 1.1426226
2.024 3.9992328 0.85459024
0.28645167 4.2087097 0.3521032
0.017096773 3.839258 0.24409352
2.3319998 3.0006 0.2588633
4.1248384 1.9141614 0.55151933
8.755 0.87243336 2.8231833
14.360967 0.1596774 10.075303
6.2693553 0.0061612898 5.1359706
5.620715 0.32896426 5.1479464
4.276129 1.1451614 2.787029
4.8116665 2.2290664 3.9142702
0.30419356 3.273161 1.3879805
2.1699996 3.9992328 0.7925634
0.47032258 4.2087097 0.4889709
0.5103226 3.839258 0.31954196
2.6546667 3.0006 0.35441005
5.0974193 1.9141614 0.7942001
5.211 0.87243336 1.4657434
9.646773 0.1596774 6.473574
5.331936 0.0061612898 3.7118998
11.4675 0.32896426 7.2596574
8.546129 1.1451614 5.001952
3.4199998 2.2290664 3.3024166
2.0558064 3.273161 2.014174
1.5626668 3.9992328 0.9844232
1.968387 4.2087097 0.7049676
2.2145162 3.839258 0.42392257
0.38666672 3.0006 0.39453998
1.654516 1.9141614 0.36482584
11.072667 0.87243336 3.1977465
9.501936 0.1596774 6.9658084
1.7551615 0.0061612898 2.5706294
8.716552 0.34075862 5.428796
5.3158073 1.1782259 4.044926
4.755 2.2655997 3.42863
2.3241937 3.303354 2.2999773
2.5446665 4.0149994 1.7537198
0.15129033 4.205871 0.5856645
0.2716129 3.818258 0.37486774
0.5566666 2.9674 0.35258332
4.6993546 1.8776774 0.6662807
14.042333 0.8424 5.7826867
4.0919356 0.1456774 3.4783356
0.6396774 0.0061612898 1.5892355
4.251429 0.32896426 2.676621
4.3999996 1.1451614 2.0634837
1.7416667 2.2290664 2.5699801
1.3516129 3.273161 1.1147486
1.7053335 3.9992328 0.95155317
0.6461291 4.2087097 0.3490903
0.1896774 3.839258 0.2918322
1.6736667 3.0006 0.31583002
3.8148386 1.9141614 0.6121968
5.0733333 0.87243336 1.00804
2.967742 0.1596774 2.2896805
6.1122584 0.0061612898 2.953371
11.918571 0.32896426 7.946174
3.8412902 1.1451614 3.1438158
2.4023333 2.2290664 1.3296634
2.7945166 3.273161 1.7413449
0.5693333 3.9992328 0.60242
0.4187097 4.2087097 0.353871
0.01612903 3.839258 0.26713225
5.1426663 3.0006 0.5781667
2.4141934 1.9141614 0.525471
7.4836664 0.87243336 2.7470632
2.2732258 0.1596774 1.4357097
6.482581 0.0061612898 3.3731968
5.1185718 0.32896426 3.899593
3.5477421 1.1451614 2.2626357
1.4766667 2.2290664 1.1225834
1.3067743 3.273161 0.6531419
0.37866667 3.9992328 0.38313338
2.8735485 4.2087097 0.40874198
0.11032257 3.839258 0.27313545
0.033333335 3.0006 0.26129672
0.1032258 1.9141614 0.24062586
4.031 0.87243336 0.36600658
9.501612 0.1596774 2.6259644
7.0132246 0.0061612898 3.9394453
1.202069 0.34075862 1.5528859
3.487097 1.1782259 1.509616
3.9403336 2.2655997 1.5488799
3.633548 3.303354 2.0049677
2.0156665 4.0149994 1.3039799
0.034516122 4.205871 0.34609032
0.040967744 3.818258 0.23331608
1.1356665 2.9674 0.22995333
0.1803226 1.8776774 0.26173228
11.7039995 0.8424 2.18633
4.287097 0.1456774 1.5833
6.056773 0.0061612898 4.049358
2.8146424 0.32896426 2.3812501
7.8012915 1.1451614 5.138571
2.9673333 2.2290664 2.5366702
2.1435483 3.273161 1.4032291
0.6483334 3.9992328 0.75926334
0.33032256 4.2087097 0.37654844
1.9241935 3.839258 0.32999673
1.0983334 3.0006 0.32542998
2.7896774 1.9141614 0.40057424
3.0939996 0.87243336 0.53433675
1.772258 0.1596774 0.7551097
7.736451 0.0061612898 2.361516
5.465714 0.32896426 3.4349573
2.5719357 1.1451614 2.530703
2.5546663 2.2290664 1.3796732
2.7483873 3.273161 0.93024206
1.3896667 3.9992328 0.90371674
0.54000014 4.2087097 0.34893876
1.7393547 3.839258 0.2673903
0.41933334 3.0006 0.27021667
4.363871 1.9141614 0.3091484
5.129 0.87243336 1.2543167
3.3912907 0.1596774 1.5925065
3.0403223 0.0061612898 2.4077194
3.4821427 0.32896426 2.0101502
6.5858064 1.1451614 3.3590522
4.008333 2.2290664 2.34853
3.773548 3.273161 2.1563158
1.1259999 3.9992328 0.7647934
0.801613 4.2087097 0.37947428
0.40709677 3.839258 0.27713868
0.060333334 3.0006 0.2636667
2.9690323 1.9141614 0.3355258
7.3456674 0.87243336 1.4703166
3.8838704 0.1596774 2.014429
3.5716128 0.0061612898 1.2249161
2.5748281 0.34075862 1.5778481
1.4664518 1.1782259 0.755029
5.044334 2.2655997 1.8580533
0.6832258 3.303354 0.5378709
2.6726668 4.0149994 0.3253533
0.98129046 4.205871 0.3122097
0.044193547 3.818258 0.22483872
0.8096667 2.9674 0.23533998
3.8158064 1.8776774 0.2677742
5.5623326 0.8424 1.1909966
9.482904 0.1456774 3.1091614
5.625161 0.0061612898 3.7309933
3.7664285 0.32896426 2.6047854
4.780968 1.1451614 4.2926383
6.6246667 2.2290664 4.53027
4.8641934 3.273161 2.3425903
2.1696665 3.9992328 2.1976564
1.4319354 4.2087097 0.5788
1.4170967 3.839258 0.44996455
0.05866666 3.0006 0.3582167
1.1641935 1.9141614 0.34432903
1.9543334 0.87243336 0.33694664
5.3170967 0.1596774 1.1570256
4.1996775 0.0061612898 1.7424386
4.5239286 0.32896426 1.7141964
2.7309678 1.1451614 1.590487
2.3826668 2.2290664 1.5374565
1.4861289 3.273161 0.6469516
1.2723333 3.9992328 0.46045992
0.08419354 4.2087097 0.28894198
0.009032258 3.839258 0.24350968
1.074 3.0006 0.24483663
2.926129 1.9141614 0.30694193
9.367334 0.87243336 1.4289
3.5777419 0.1596774 2.6106288
10.542904 0.0061612898 6.002509
2.5625005 0.32896426 3.2736926
5.91 1.1451614 3.130426
5.420333 2.2290664 3.0116796
1.901613 3.273161 2.0126615
3.055667 3.9992328 1.0615934
1.1445162 4.2087097 0.5002871
0.32548392 3.839258 0.3004484
1.2503334 3.0006 0.26623666
2.1967742 1.9141614 0.34163225
7.375 0.87243336 1.2824433
10.891613 0.1596774 6.629865
11.499678 0.0061612898 6.606517
7.4279313 0.34075862 6.9415846
3.477419 1.1782259 2.6116455
5.035666 2.2655997 3.664183
4.8822584 3.303354 2.972548
0.78666675 4.0149994 0.90251327
0.34129032 4.205871 0.4121322
0.13516131 3.818258 0.28815484
1.5623333 2.9674 0.31276003
5.819678 1.8776774 0.76089025
10.445666 0.8424 4.3403
17.999678 0.1456774 12.32363
6.443548 0.0061612898 6.2826223
3.519643 0.32896426 3.6745543
4.7654843 1.1451614 3.4814386
4.0233335 2.2290664 2.1352
1.9151614 3.273161 1.5065354
2.3240001 3.9992328 0.75656664
0.1970968 4.2087097 0.48111287
1.2848387 3.839258 0.33176133
2.4323337 3.0006 0.43901333
5.4035482 1.9141614 0.76539993
3.700667 0.87243336 1.17491
3.3874197 0.1596774 1.5792773
9.330322 0.0061612898 5.1659417
6.9342866 0.32896426 3.911364
5.50871 1.1451614 3.6753259
3.0263333 2.2290664 2.3401337
6.0 3.273161 3.265539
0.9846667 3.9992328 1.5653065
0.22419357 4.2087097 0.55377096
0.08516129 3.839258 0.3884355
0.518 3.0006 0.35156664
2.935484 1.9141614 0.4101935
13.332002 0.87243336 3.7336497
7.3758063 0.1596774 5.86891
7.3532257 0.0061612898 5.55739
11.537501 0.32896426 6.500575
4.0035486 1.1451614 3.912488
1.7326666 2.2290664 2.5465503
2.43129 3.273161 2.2315748
0.5106667 3.9992328 1.2496532
0.14322583 4.2087097 0.59688056
1.4248389 3.839258 0.4097
0.038 3.0006 0.34214
3.3632257 1.9141614 0.40058064
5.883 0.87243336 1.0647968
4.256774 0.1596774 2.2744453
10.4419365 0.0061612898 4.9958415
6.1734495 0.34075862 3.9373033
2.7209682 1.1782259 2.758571
4.0243335 2.2655997 2.2413535
2.403226 3.303354 1.6606516
0.95266664 4.0149994 0.7603733
0.37354833 4.205871 0.41581935
0.0832258 3.818258 0.3242258
0.5976666 2.9674 0.33822668
3.1629033 1.8776774 0.3614935
2.7856667 0.8424 0.45173332
3.7638705 0.1456774 1.0610838