5.9806457 0.37354842 2.9715455
5.050689 0.7245861 1.6901656
3.7816133 1.494484 1.6894969
5.1413336 2.4941666 2.11906
2.2858067 3.4478705 2.1668131
2.7726667 4.1019998 1.9240834
0.661613 4.2774835 0.833371
0.92193556 3.9209678 0.60830647
0.8193334 3.138833 0.57696337
1.7309679 2.1371934 0.6124677
4.4876666 1.1855 0.7843634
5.306129 0.54019356 1.7242935
0.98612916 0.37354842 0.7829743
5.1803565 0.71374995 1.8338964
2.3161292 1.4640968 1.9646679
0.9293333 2.4605668 2.1869767
2.8606455 3.4201288 2.3597934
0.13766666 4.0874996 1.2278866
0.022903226 4.2800965 0.6703096
0.002580645 3.9402585 0.55605495
1.105 3.1693664 0.5336133
2.145806 2.1707418 0.6193419
3.0296664 1.2131 0.6534468
2.716452 0.55441934 0.6956355
9.474517 0.37354842 2.0189195
2.5260715 0.71374995 2.0061963
5.3712907 1.4640968 2.6568708
1.9316665 2.4605668 2.1832697
0.8429033 3.4201288 2.0217838
1.872667 4.0874996 1.6265733
0.005483871 4.2800965 0.7897096
0.100322574 3.9402585 0.5917033
0.70266664 3.1693664 0.5618733
9.746452 2.1707418 1.6859257
4.121667 1.2131 2.07306
5.416451 0.55441934 3.6890998
6.7422585 0.37354842 3.3094256
4.8249993 0.71374995 3.5630286
2.598387 1.4640968 1.9865675
1.6533333 2.4605668 1.9597299
1.4145161 3.4201288 1.6845001
0.0019999999 4.0874996 1.0104167
0.01516129 4.2800965 0.69064206
0.19354838 3.9402585 0.6084645
0.53566664 3.1693664 0.5671966
5.2841935 2.1707418 0.91625804
5.7486663 1.2131 1.2815868
8.437098 0.55441934 2.8663323
5.154838 0.37354842 1.933887
4.692069 0.7245861 3.4556344
3.7787101 1.494484 2.349642
1.0163333 2.4941666 2.90314
1.5487098 3.4478705 2.5699804
3.0149999 4.1019998 1.8860637
0.12354838 4.2774835 1.0947903
0.21935484 3.9209678 0.7593644
0.82966673 3.138833 0.7084734
0.3858065 2.1371934 0.67659366
1.9626667 1.1855 0.6857001
8.43258 0.54019356 1.145042
9.627742 0.37354842 3.9648354
4.9414277 0.71374995 3.5652568
3.422903 1.4640968 1.7825646
2.0203335 2.4605668 1.7101669
5.099354 3.4201288 2.5033963
2.0143332 4.0874996 2.478113
0.002580645 4.2800965 1.1640905
1.2387096 3.9402585 0.79112905
1.1083333 3.1693664 0.7229767
2.1525807 2.1707418 0.7749645
8.580999 1.2131 2.2146368
4.394839 0.55441934 2.9555132
9.960323 0.37354842 3.6060712
3.100357 0.71374995 3.1637683
2.2829032 1.4640968 1.766242
2.7106667 2.4605668 2.1823866
0.5077419 3.4201288 1.629658
2.1633334 4.0874996 1.3258266
0.006129032 4.2800965 0.77639365
0.97032255 3.9402585 0.6695839
1.2683332 3.1693664 0.6766732
1.0125806 2.1707418 0.6599967
2.0356665 1.2131 0.67652005
4.412581 0.55441934 0.7881355
2.6187093 0.37354842 0.91239995
1.6078571 0.71374995 0.9288464
3.16871 1.4640968 1.1450388
3.5146668 2.4605668 1.4622302
0.57193553 3.4201288 1.6913546
0.38433334 4.0874996 1.3531833
0.19903226 4.2800965 0.6569903
0.024838708 3.9402585 0.49692258
1.4589999 3.1693664 0.50876
3.0670965 2.1707418 0.57753545
6.958333 1.2131 1.20392
12.759677 0.55441934 5.1293516
8.187096 0.37354842 4.7025743
7.165517 0.7245861 2.6561618
2.409355 1.494484 2.3655388
1.1243335 2.4941666 2.4040003
4.156451 3.4478705 2.811636
1.4530002 4.1019998 1.88237
0.7406451 4.2774835 0.9618
0.51806456 3.9209678 0.74631286
0.58966666 3.138833 0.69751334
6.165484 2.1371934 1.1315807
1.1556665 1.1855 1.2230033
4.4935484 0.54019356 2.6197872
3.0187097 0.37354842 1.296229
5.3414283 0.71374995 2.6879356
8.670646 1.4640968 4.345371
1.3703331 2.4605668 2.3940837
2.244193 3.4201288 1.6279322
0.35733333 4.0874996 1.0059768
0.23129034 4.2800965 0.6965097
0.09258065 3.9402585 0.60057414
2.2049997 3.1693664 0.5859734
2.8306456 2.1707418 0.7277163
4.4176664 1.2131 1.0976965
7.5425806 0.55441934 2.2958097
7.1716127 0.37354842 3.3913162
8.688214 0.71374995 5.107353
3.0025806 1.4640968 2.0240772
1.941667 2.4605668 2.0335567
1.2758064 3.4201288 1.9699644
4.352333 4.0874996 1.7338333
1.4180647 4.2800965 0.8577098
0.44774202 3.9402585 0.6390967
0.741 3.1693664 0.6510801
1.106129 2.1707418 0.6846226
4.371666 1.2131 1.0642667
3.2874193 0.55441934 1.0555581
4.9603224 0.37354842 1.7552063
4.071786 0.71374995 1.7895252
2.796129 1.4640968 1.3814064
1.0223333 2.4605668 1.4777567
2.09 3.4201288 1.2960774
0.4876666 4.0874996 0.78629667
0.039032254 4.2800965 0.5441613
0.4067742 3.9402585 0.49534848
1.6226667 3.1693664 0.5347933
1.7148387 2.1707418 0.60359025
0.73733336 1.2131 0.57016003
1.9893548 0.55441934 0.5750903
3.5477414 0.37354842 0.77281296
6.663448 0.7245861 1.9229379
6.720322 1.494484 2.1685288
2.188 2.4941666 1.9570731
3.682903 3.4478705 1.6936518
0.050666668 4.1019998 1.1298
0.3080645 4.2774835 0.56994194
0.34064516 3.9209678 0.50695163
0.33900005 3.138833 0.47474
1.5425806 2.1371934 0.5146741
8.885667 1.1855 0.9883767
2.6712902 0.54019356 1.1746709
1.9441936 0.37354842 0.755484
6.9810715 0.71374995 2.4715602
6.185485 1.4640968 2.4929485
1.5389999 2.4605668 1.5418098
2.7819357 3.4201288 1.5732547
0.93833345 4.0874996 1.1514001
0.16580644 4.2800965 0.604729
0.38709673 3.9402585 0.52327096
1.4543335 3.1693664 0.53479666
4.340968 2.1707418 0.6330742
7.0373325 1.2131 1.4079232
4.4012904 0.55441934 1.8468416
2.204839 0.37354842 1.1834097
3.172857 0.71374995 1.3691607
3.8983867 1.4640968 1.5629485
2.0286667 2.4605668 1.7106068
2.0512903 3.4201288 1.4098969
0.3736667 4.0874996 1.00007
0.06709677 4.2800965 0.6011451
1.2364515 3.9402585 0.56794196
1.2786666 3.1693664 0.5216233
7.1374197 2.1707418 1.2247872
5.8186665 1.2131 1.4654733
3.9793546 0.55441934 2.7437801
2.3758063 0.37354842 0.90438384
4.875714 0.71374995 2.720589
3.0177417 1.4640968 1.2774774
4.929666 2.4605668 2.1421502
3.2309673 3.4201288 2.3079805
1.7300001 4.0874996 0.93349
0.28290322 4.2800965 0.68791616
0.1832258 3.9402585 0.56264526
1.2323333 3.1693664 0.57534003
2.4035485 2.1707418 0.61890644
6.9389997 1.2131 1.41651
2.1964514 0.55441934 1.0213484
8.680967 0.37354842 2.367816
1.1282758 0.7245861 1.5469208
4.5945163 1.494484 1.7327291
1.0956666 2.4941666 1.8396099
0.9974194 3.4478705 1.7115548
1.9269998 4.1019998 1.6705201
0.6435484 4.2774835 0.8055999
0.13967742 3.9209678 0.6146192
0.271 3.138833 0.5941166
0.67 2.1371934 0.55949026
6.9073334 1.1855 0.8272733
17.626127 0.54019356 8.3553
6.7064524 0.37354842 5.308459
2.035357 0.71374995 2.4961464
0.66322577 1.4640968 1.5098289
3.7439997 2.4605668 2.1338532
0.7948386 3.4201288 1.3847032
0.81700003 4.0874996 1.0150001
0.13806452 4.2800965 0.7030936
1.47 3.9402585 0.68561614
0.018333334 3.1693664 0.59307665
1.2025806 2.1707418 0.6138871
4.259666 1.2131 0.6800767
4.564839 0.55441934 0.7315646
6.8580647 0.37354842 2.3294642
1.9667856 0.71374995 1.0570714
3.5867743 1.4640968 2.0717518
0.9583333 2.4605668 2.1955466
0.5490322 3.4201288 1.3672355
0.75366676 4.0874996 0.7652834
1.1751611 4.2800965 0.6051644
0.32741934 3.9402585 0.48819998
1.479 3.1693664 0.5253333
1.7348387 2.1707418 0.5256968
8.216666 1.2131 1.2542267
5.398387 0.55441934 1.9177257
6.4690313 0.37354842 2.2883677
2.0710714 0.71374995 1.8988965
3.8561285 1.4640968 1.6031677
3.2823336 2.4605668 1.4375134
1.674516 3.4201288 2.1444774
0.7700001 4.0874996 1.2807002
0.0012903225 4.2800965 0.6525483
0.044838708 3.9402585 0.5089549
0.59933335 3.1693664 0.5021
2.9919355 2.1707418 0.5703613
1.7486668 1.2131 0.52873003
4.161613 0.55441934 0.71439993
3.8303227 0.37354842 0.97481936
4.228621 0.7245861 2.1979449
2.355484 1.494484 1.1138357
1.082 2.4941666 0.7933967
1.7622577 3.4478705 0.7781162
0.345 4.1019998 0.5361334
0.10709677 4.2774835 0.4066355
2.0358064 3.9209678 0.4286516
0.84466666 3.138833 0.42116663
2.5500002 2.1371934 0.4644064
6.3363333 1.1855 0.9935533
5.8261294 0.54019356 1.2986612
8.867742 0.37354842 2.503103
3.0471437 0.71374995 1.8242428
1.2477419 1.4640968 1.4348097
2.1790001 2.4605668 2.0073667
1.942903 3.4201288 2.183574
2.525 4.0874996 1.3119267
0.12645161 4.2800965 0.7079548
0.0 3.9402585 0.5488968
0.845 3.1693664 0.5506233
3.5077417 2.1707418 0.63107735
1.4313334 1.2131 0.6024034
8.979677 0.55441934 1.622213
10.106131 0.37354842 4.2541676
2.7164285 0.71374995 1.8117144
1.9109676 1.4640968 1.8545711
2.4856668 2.4605668 1.08172
1.0258064 3.4201288 1.3971611
1.3033334 4.0874996 0.8902901
0.020967742 4.2800965 0.564071
0.03032258 3.9402585 0.4840484
0.52599996 3.1693664 0.50461
3.1525805 2.1707418 0.5546162
8.312667 1.2131 1.9592932
5.0332255 0.55441934 2.284645
6.5200005 0.37354842 4.3367805
4.498571 0.71374995 2.2986467
5.9119353 1.4640968 3.0039065
2.8696668 2.4605668 2.5344768
2.6419356 3.4201288 2.6584454
1.2066667 4.0874996 1.8882834
0.18225808 4.2800965 1.0466936
0.39258066 3.9402585 0.73272586
2.3546667 3.1693664 0.74619997
1.8770968 2.1707418 0.7215612
6.778 1.2131 1.2586633
6.2451606 0.55441934 2.0373905
6.7854834 0.37354842 3.8448646
4.567586 0.7245861 2.7697103
6.087419 1.494484 5.5586996
3.131667 2.4941666 2.2066464
1.7900002 3.4478705 2.0528483
1.277 4.1019998 1.647593
0.06935483 4.2774835 0.93960327
0.5270968 3.9209678 0.78598374
1.1083333 3.138833 0.7822968
2.150645 2.1371934 0.7703871
2.6826665 1.1855 0.8030134
5.2341943 0.54019356 1.4161966
3.8567743 0.37354842 1.5655192
1.7375001 0.71374995 1.0453535
3.336452 1.4640968 1.1745291
1.9143333 2.4605668 1.3378102
1.0370969 3.4201288 1.0482774
0.353 4.0874996 0.64664
0.09935483 4.2800965 0.4984903
0.2280645 3.9402585 0.4658613
1.8113333 3.1693664 0.50786334
4.277742 2.1707418 0.6041483
13.384667 1.2131 3.1445768
5.650323 0.55441934 3.2900934
8.677421 0.37354842 4.7966323
5.403571 0.71374995 2.3427107
6.895484 1.4640968 3.5999126
3.0563333 2.4605668 3.0984032
0.84064513 3.4201288 2.1225772
0.3660001 4.0874996 1.9894768
0.50741935 4.2800965 0.96736765
0.0816129 3.9402585 0.7146775
0.0026666666 3.1693664 0.6587734
1.256129 2.1707418 0.68033224
2.8386664 1.2131 0.7462068
6.47 0.55441934 1.2990806
4.9890323 0.37354842 2.1264386
6.5799994 0.71374995 2.4915538
6.907743 1.4640968 3.148787
2.7436664 2.4605668 1.9901998
1.0487095 3.4201288 2.600326
1.0846667 4.0874996 2.03163
0.4970968 4.2800965 1.0179163
0.8683871 3.9402585 0.73687744
0.59000003 3.1693664 0.6824299
4.5809674 2.1707418 0.83423877
5.353001 1.2131 1.1417867
4.6929026 0.55441934 2.449568
4.0600004 0.37354842 2.5069904
4.5541377 0.7245861 1.7149655
3.0138712 1.494484 1.5679616
2.4183333 2.4941666 1.77155
0.6229032 3.4478705 1.8597324
0.5566667 4.1019998 1.21073
0.8151613 4.2774835 0.7947259
3.642258 3.9209678 0.9060999
0.96366674 3.138833 0.6859967
0.75870967 2.1371934 0.6466806
0.81333333 1.1855 0.6374599
0.64322597 0.54019356 0.5931258
1.4251612 0.37354842 0.5972807
2.2267854 0.71374995 0.49504998
3.163226 1.4640968 0.5778161
1.02 2.4605668 0.43891332
4.460322 3.4201288 0.65797746
0.75933343 4.0874996 0.5195767
0.24806455 4.2800965 0.5162484
1.0296775 3.9402585 0.50209033
3.6346664 3.1693664 0.6484167
1.7196776 2.1707418 0.63278395
7.480333 1.2131 1.3450502
6.8493543 0.55441934 2.758374
3.5580642 0.37354842 1.7733938
4.4278574 0.71374995 1.6937854
2.8570967 1.4640968 1.1390388
3.115 2.4605668 1.1823134
1.4396775 3.4201288 1.026929
2.0866666 4.0874996 1.0113
0.59161294 4.2800965 1.156342
1.577742 3.9402585 0.92228067
3.0123332 3.1693664 0.7799366
0.2251613 2.1707418 0.59714836
3.217 1.2131 0.62769675
2.5832262 0.55441934 0.7957098
3.8651612 0.37354842 1.0163292
5.9035716 0.71374995 1.027907
2.362258 1.4640968 1.2139164
4.740667 2.4605668 1.6974399
2.3645163 3.4201288 1.9155644
0.8836667 4.0874996 0.8957666
0.23741934 4.2800965 1.1230003
1.2012902 3.9402585 0.88204515
0.577 3.1693664 0.69028336
5.726774 2.1707418 0.63938063
4.962333 1.2131 1.11546
3.8770967 0.55441934 1.4906548
5.4006443 0.37354842 2.6656065
3.8575864 0.7245861 0.8825759
3.6109676 1.494484 1.3486321
2.9900002 2.4941666 1.47598
1.6183873 3.4478705 1.1196938
1.5999999 4.1019998 0.9544935
0.08258064 4.2774835 0.93987435
0.01032258 3.9209678 0.91366136
0.643 3.138833 0.63642997
1.8190322 2.1371934 0.6128871
3.8923335 1.1855 0.67474324
5.6325808 0.54019356 1.270745
1.8316128 0.37354842 0.67961925
3.9407144 0.71374995 0.7782572
3.106774 1.4640968 0.61317104
1.7256666 2.4605668 0.73880666
2.5045161 3.4201288 0.8849129
1.2469999 4.0874996 0.81439674
0.31096774 4.2800965 0.877187
0.0019354838 3.9402585 0.8788933
1.2919999 3.1693664 0.8046366
3.3406453 2.1707418 0.59227735
8.872667 1.2131 1.4429969
12.332903 0.55441934 4.7853193
3.8929029 0.37354842 2.211051
5.6678557 0.71374995 3.3663356
3.9803228 1.4640968 1.9235777
2.8926663 2.4605668 2.2196734
0.20709679 3.4201288 1.5434712
2.23 4.0874996 1.2845433
0.4974194 4.2800965 1.0415224
0.26903224 3.9402585 1.0018613
1.9903332 3.1693664 0.8772698
3.86871 2.1707418 0.9238452
4.171 1.2131 1.0926635
8.743548 0.55441934 2.9306061
3.6999998 0.37354842 1.5181354
9.408929 0.71374995 3.3324144
7.254516 1.4640968 2.682642
2.786 2.4605668 2.4837332
1.626129 3.4201288 2.204758
1.2470001 4.0874996 1.4250834
1.1319355 4.2800965 1.069158
2.030645 3.9402585 1.1812614
0.6056667 3.1693664 1.1129333
1.5135485 2.1707418 0.9365871
8.794002 1.2131 1.7573599
9.41871 0.55441934 4.7402325
1.1470964 0.37354842 1.8501356
6.3899994 0.7245861 2.107193
4.313549 1.494484 2.4302418
3.6319997 2.4941666 2.3897967
1.6119351 3.4478705 2.1897292
2.0263333 4.1019998 1.8825033
0.20709677 4.2774835 1.4027355
0.64709675 3.9209678 1.3822644
0.72200006 3.138833 1.0432466
4.089999 2.1371934 0.7823935
11.725335 1.1855 2.7444036
3.503226 0.54019356 1.8307968
0.4948387 0.37354842 0.9511871
3.745357 0.71374995 1.1789643
3.4474194 1.4640968 0.8787516
1.3586669 2.4605668 2.1004205
1.3009678 3.4201288 1.2551355
1.042 4.0874996 1.0948933
0.64741933 4.2800965 0.97953874
0.1467742 3.9402585 1.0501257
1.9033334 3.1693664 0.9144033
2.9780643 2.1707418 0.71354836
3.9033332 1.2131 0.88393325
2.0583868 0.55441934 1.0615809
4.5432262 0.37354842 1.3290033
10.091071 0.71374995 3.5512927
3.1270967 1.4640968 2.237974
1.9413333 2.4605668 1.01885
2.5580642 3.4201288 1.4028774
0.5390001 4.0874996 0.9864466
0.21193549 4.2800965 1.0317904
0.031290323 3.9402585 0.9782582
4.3446665 3.1693664 0.8599634
1.9267741 2.1707418 0.6869
5.025666 1.2131 1.2315831
1.7712905 0.55441934 0.8784613
4.774839 0.37354842 1.2243515
3.848571 0.71374995 1.4397069
2.920323 1.4640968 1.1716743
1.0890001 2.4605668 0.95701337
1.2045163 3.4201288 0.8925033
0.506 4.0874996 0.82416
3.2190325 4.2800965 0.9771097
0.07580645 3.9402585 0.98583555
0.010666667 3.1693664 0.8374766
0.038387097 2.1707418 0.53214836
3.1956666 1.2131 0.4831633
7.036453 0.55441934 0.7726612
5.0461297 0.37354842 1.1526293
0.8244827 0.7245861 0.62499994
2.5190327 1.494484 0.5706387
2.8773334 2.4941666 0.76424
3.3477418 3.4478705 1.0768936
2.114 4.1019998 1.2042235
0.038064513 4.2774835 0.82692575
0.0848387 3.9209678 0.8884905
0.7546667 3.138833 0.73304325
0.10580643 2.1371934 0.5352935
9.859666 1.1855 1.0641134
3.385484 0.54019356 0.8355032
5.1345162 0.37354842 1.5029448
2.312857 0.71374995 0.9691035
7.126128 1.4640968 2.7297611
3.2683334 2.4605668 2.4571066
2.2687097 3.4201288 1.8260939
0.42766666 4.0874996 1.2179835
0.14935483 4.2800965 1.0299323
1.3690324 3.9402585 1.1129804
1.4360001 3.1693664 0.95908993
2.404839 2.1707418 0.6249128
2.0066667 1.2131 0.61556333
1.3216127 0.55441934 0.67115164
6.0470967 0.37354842 0.8820484
4.0325 0.71374995 0.88161427
2.6593547 1.4640968 1.1009357
2.2330003 2.4605668 1.13557
3.2116132 3.4201288 1.0761806
0.7393334 4.0874996 1.0087935
0.48806456 4.2800965 0.8398129
1.4370967 3.9402585 0.9524871
0.5423333 3.1693664 0.81943995
2.8380644 2.1707418 0.58454514
3.6846666 1.2131 0.6423334
2.562581 0.55441934 0.8262161
2.7770963 0.37354842 0.96336776
2.9539285 0.71374995 0.80426073
5.61645 1.4640968 1.3264322
3.3839996 2.4605668 1.2138333
3.6948383 3.4201288 1.8027484
1.2306668 4.0874996 1.09489
0.98806447 4.2800965 0.97625804
0.37645164 3.9402585 0.94848067
0.07366666 3.1693664 0.8006467
2.1635485 2.1707418 0.55176127
5.321667 1.2131 0.6461933
2.9622586 0.55441934 0.9778259
2.3880646 0.37354842 0.6419645
1.9768964 0.7245861 0.62439656
1.1574194 1.494484 0.49320644
3.3000002 2.4941666 0.49911994
0.887742 3.4478705 0.7123904
2.3720002 4.1019998 0.7317
0.81548387 4.2774835 0.49578068
0.08225807 3.9209678 0.81775796
0.46033338 3.138833 0.74546343
3.3338711 2.1371934 0.44928378
4.311 1.1855 0.56541336
7.428386 0.54019356 0.931142
5.314194 0.37354842 1.4499809
3.2774997 0.71374995 1.0206177
3.7025807 1.4640968 2.0248
4.8823338 2.4605668 2.31879
4.178065 3.4201288 2.0908065
1.913333 4.0874996 1.9641933
1.1419352 4.2800965 1.2047386
1.2341934 3.9402585 1.0803322
0.111666664 3.1693664 0.78347003
1.2016128 2.1707418 0.57180333
1.4026666 1.2131 0.5296132
4.1070967 0.55441934 0.70151293
3.1935487 0.37354842 0.7261323
3.5428574 0.71374995 0.70154655
1.9170967 1.4640968 0.6091646
1.7646668 2.4605668 0.56349003
1.6100001 3.4201288 0.8839065
0.7743334 4.0874996 1.00997
0.06774193 4.2800965 0.5517614
0.011290321 3.9402585 0.7738032
0.8023333 3.1693664 0.68096656
1.8887095 2.1707418 0.41360328
8.179999 1.2131 0.63109994
2.7516127 0.55441934 0.820329
8.303551 0.37354842 1.2945129
1.6692857 0.71374995 1.2346001
5.8303223 1.4640968 1.8655967
5.0990005 2.4605668 1.8483299
1.9112903 3.4201288 1.92831
3.076 4.0874996 1.30275
1.6577418 4.2800965 1.0023098
0.18129033 3.9402585 0.97110015
0.6763333 3.1693664 0.80256647
1.4167742 2.1707418 0.5862516
4.500334 1.2131 0.6306534
10.971291 0.55441934 3.5412033
10.03645 0.37354842 3.744497
5.432069 0.7245861 3.7549694
2.7590322 1.494484 1.732158
3.7046666 2.4941666 2.1405132
4.1451607 3.4478705 2.3401968
0.7786667 4.1019998 1.3462266
0.3690323 4.2774835 0.99184847
0.09935483 3.9209678 1.0634322
1.3816667 3.138833 0.9314168
4.799678 2.1371934 0.736871
7.807999 1.1855 2.043903
15.399034 0.54019356 6.5131865
5.6767735 0.37354842 6.101449
3.1225007 0.71374995 1.7551318
2.9290326 1.4640968 1.7698259
3.7326667 2.4605668 1.7296997
1.698387 3.4201288 1.7443353
2.1756663 4.0874996 1.5966933
0.27354836 4.2800965 1.1642259
1.2722582 3.9402585 0.9990224
1.5783333 3.1693664 0.8562633
4.25871 2.1707418 0.74889684
3.0436666 1.2131 1.1000665
2.5935485 0.55441934 1.0657289
8.599355 0.37354842 2.8060482
5.799643 0.71374995 1.558107
4.608387 1.4640968 2.18729
2.8536665 2.4605668 1.9413866
5.5093546 3.4201288 2.4877872
1.0416665 4.0874996 1.7757032
0.15870969 4.2800965 1.2985163
0.034516126 3.9402585 1.0083128
0.44666672 3.1693664 0.87165
2.4790323 2.1707418 0.742313
11.152333 1.2131 2.1949599
4.492581 0.55441934 2.1580806
6.0929036 0.37354842 2.6067646
9.315713 0.71374995 2.6490932
2.9251616 1.4640968 2.4023256
1.555 2.4605668 1.7168201
1.5296774 3.4201288 1.9934385
0.22733335 4.0874996 1.7657967
0.0964516 4.2800965 1.5930096
1.6877419 3.9402585 1.1919999
0.014666664 3.1693664 0.7663166
2.6096773 2.1707418 0.65955806
4.0189996 1.2131 0.91809994
3.0567744 0.55441934 0.9387485
8.406129 0.37354842 2.014639
4.792759 0.7245861 1.428462
2.8319352 1.494484 1.7841289
4.1163335 2.4941666 2.1986601
1.6812904 3.4478705 1.4449679
0.7003334 4.1019998 1.3685766
0.5503226 4.2774835 0.884042
0.08387096 3.9209678 0.9421805
0.5053333 3.138833 0.8399999
2.4906454 2.1371934 0.60859674
2.4113333 1.1855 0.6198567
2.443548 0.54019356 0.71139026
