1.6968,0.92368,0.4682,1.9928,2.7066,1.5445,3.5466,3.1946,1.9686,6.8345,1.8616,1.7999,4.7469,2.2865,1.9056
2.0659,3.3387,2.9133,2.6119,3.3279,4.3999,2.7737,3.0914,2.3047,6.6259,0.016,0.83419,1.9719,2.0704,4.3739
3.1503,3.1099,5.9024,2.8683,2.1205,2.8139,3.7797,2.9909,3.0603,4.7615,0.28823,4.1188,6.2516,4.3371,4.6673
2.5016,3.9747,0.9388,0.10354,1.8404,4.7006,2.1528,2.6717,3.1159,5.5861,2.2248,1.8226,2.8861,2.3726,4.6769
1.2381,2.1436,1.0006,1.1561,1.9821,1.9914,2.4408,2.6586,3.2047,3.2607,2.655,1.1289,1.7239,1.3873,1.5163
0.8772,0.54832,1.1264,0.2511,1.017,1.877,0.27037,2.2894,2.0091,2.7639,0.83645,0.29704,0.53575,0.55152,0.69116
3.9349,0.5466,1.5275,0.80465,1.353,2.2392,1.3897,0.26302,1.385,0.6473,2.0111,0.27987,0.1262,0.1108,0.65702
0.18521,0.96432,0.29245,0.62248,2.0646,0.45244,1.2242,0.39022,1.1734,1.3889,0.7686,0.28611,0.29658,0.65752,0.29531
0.16967,0.6122,0.29242,0.4545,0.50543,0.22558,0.24281,0.52009,0.83068,0.76545,0.56803,0.22011,0.090143,0.7775,0.18235
0.32093,1.2639,0.75697,0.91327,1.1122,0.68601,0.36454,1.5441,0.58281,0.77031,0.58354,0.26277,1.3526,0.45708,1.1415
1.7869,1.95,0.74251,1.6327,1.6882,2.7597,0.40301,3.083,0.59914,1.6405,1.1092,1.3404,1.9407,0.58252,4.7552
2.1008,2.6102,1.2328,0.98837,4.1145,2.874,1.293,3.4078,2.6563,0.61563,1.0577,1.7745,2.2288,3.5833,3.476
