-0.49151,1.6282,0.99979,0.64284,1.8786,0.95757,2.5137,1.2524,1.241,2.4114,1.9946,2.8847,1.4525,2.7502,1.0539,1.6426,2.498,2.183,2.0272,3.9296
2.302,1.1762,2.6618,3.946,0.23511,2.3522,1.8392,1.9193,3.4781,3.1201,1.1466,3.7264,1.7713,0.14812,1.6446,2.487,1.615,2.7641,1.6887,2.5151
4.2539,4.7196,3.4306,4.273,5.0591,4.154,4.9921,2.5775,5.8525,3.0283,3.2308,2.6717,3.6602,3.9765,4.8829,1.958,5.4036,4.2822,3.5414,2.7219
2.7811,4.7351,0.73705,2.4875,2.7188,2.4417,3.0796,3.6782,1.6447,3.1771,2.6238,3.3107,3.549,4.7764,2.2665,2.9598,1.8275,3.025,1.8648,1.4439
0.78368,1.8523,0.97693,1.3759,0.89455,2.5424,3.6708,3.4383,1.0102,2.1983,1.869,3.8979,1.961,1.2208,3.3789,2.9151,2.6484,1.2472,2.2877,2.9766
1.5677,0.80297,0.88319,1.7158,1.1197,0.47018,1.2873,0.25862,0.84488,3.1575,1.5261,1.6992,0.64158,0.84002,3.4291,1.4885,0.67909,0.93573,0.48126,1.5708
1.9319,1.0679,1.8401,2.5498,0.079638,1.8497,0.43753,0.79441,0.46992,1.1535,0.6289,0.60976,1.7236,1.3219,0.1599,0.28376,0.90846,2.2577,0.83607,2.2731
0.41101,0.33437,0.43777,0.37512,0.71581,0.26461,0.64018,1.0001,0.67749,0.4324,0.57275,0.076026,0.28681,0.89395,0.71293,0.72707,0.65898,0.82143,0.13393,0.49857
0.62044,0.31317,0.51362,0.30023,1.205,1.0572,0.56818,0.29617,0.39808,0.84706,1.227,0.67823,1.7261,0.35307,0.16719,0.10601,0.25595,0.15428,0.95139,0.4176
1.0508,0.49894,0.75116,0.27736,0.26242,0.45664,0.7527,0.63621,0.40943,0.54775,1.3226,0.30543,0.55633,0.37729,0.56663,0.18904,0.31233,0.85496,0.50567,0.27887
1.2945,1.6559,0.99215,0.42245,1.4125,1.1198,1.0614,0.54128,2.0351,1.0659,2.4571,0.46339,1.0284,0.91118,0.9772,1.0351,1.545,1.0845,0.86919,0.40488
1.3977,1.6909,1.6486,1.1508,2.0781,2.5047,3.7351,1.8568,2.6432,2.3521,3.8175,1.3973,2.3721,2.5994,2.6004,3.0231,0.6393,3.2789,1.4782,0.91057
