4.6331,3.8618,0.54779,2.2929,1.7718,3.9234,1.8466,0.9454,2.3224,4.0421
3.7055,1.1727,2.5354,1.0868,4.2233,3.0142,3.0553,3.7655,4.0478,3.618
2.3672,2.3405,1.141,5.6293,3.6168,2.2353,4.0375,3.0266,4.134,4.3722
5.4094,3.9842,2.057,4.0537,2.5891,1.6491,2.5305,3.8513,3.1247,2.246
3.4315,1.4534,1.379,3.3126,2.9075,2.0295,3.9164,2.7732,3.545,2.724
2.7166,0.43641,0.66252,1.1718,0.45844,0.51691,1.2116,1.6499,0.84428,0.79156
1.2945,0.37534,2.6272,1.4075,2.2606,0.55658,0.57845,0.91317,0.6223,0.44564
1.1606,1.4439,0.71542,0.62516,0.2464,0.41337,0.15679,0.56739,0.53319,1.0519
2.1202,0.15837,0.40783,1.2268,0.40128,0.077895,0.67851,0.55887,0.8136,0.29767
0.2113,2.1149,0.77896,0.68311,1.2098,0.15773,0.91813,0.17597,1.1832,1.3738
0.48783,1.1221,0.40201,2.3757,0.60158,1.4477,0.77864,1.9076,1.0683,2.8651
0.74099,0.68799,2.5729,1.3141,1.9478,1.4235,2.4356,2.8181,0.9268,3.2334
