1.6918,1.4485,1.2877,1.7771,1.9687,1.6355,2.4356,2.1274,2.122,3.5023,1.8948,1.7773,3.3632,2.0659,2.2096
2.1184,2.4928,2.148,2.2609,2.4996,3.2575,2.5331,2.8501,2.3979,3.7484,1.9779,1.7386,3.0191,2.3775,2.9129
3.1764,3.1338,3.7267,3.0871,2.9303,3.6887,3.7154,3.3391,3.2564,4.0656,3.6082,3.6285,4.5035,3.5988,3.8224
2.658,3.1222,2.2956,1.9124,2.5438,3.3304,2.7346,2.6149,2.8753,3.9017,2.2788,2.567,3.1977,2.7986,3.5048
1.7945,2.023,1.8749,1.8306,2.0496,2.0076,2.0683,2.1766,2.2611,2.6632,1.8147,1.6649,2.1853,1.8931,2.1098
0.89628,0.84047,1.0171,0.60857,0.94902,1.4128,0.66036,1.3198,1.3261,1.5625,0.78294,0.62788,0.87069,0.71167,1.0268
1.0598,0.60886,0.8982,0.49893,0.7141,1.1455,0.70204,0.54888,0.91803,0.80413,1.0307,0.45763,0.48083,0.4165,0.72433
0.42682,0.56826,0.39904,0.42207,0.72852,0.54747,0.56138,0.48581,0.6421,0.85604,0.64614,0.40963,0.37197,0.48236,0.39549
0.40516,0.46887,0.35767,0.43368,0.62686,0.41369,0.39631,0.52361,0.65219,0.80494,0.47416,0.30058,0.22875,0.42178,0.34501
0.50722,0.71807,0.69441,0.67658,0.81885,0.65202,0.48191,0.80365,0.62226,0.70016,0.59316,0.36963,0.50083,0.45243,0.71483
1.3652,1.3219,1.0749,1.1507,1.2081,1.5818,0.82537,1.5632,0.95086,1.2791,1.2725,1.1447,1.1849,0.95333,1.7192
1.8389,2.2055,1.391,1.5668,2.6029,2.2836,1.789,2.552,2.1074,1.6996,1.6864,1.7822,1.8563,2.2983,2.5054
