2.1677,1.3059,0.79815,2.4975,3.2932,1.4239,3.0427,3.519,2.4931,6.1134,1.2406,2.0218,4.2473,1.8284,2.5908
2.2132,4.0442,3.1573,2.5436,3.0113,4.6225,2.173,2.312,2.2527,4.3145,0.042892,0.90896,1.6221,1.913,4.3676
3.3624,2.7372,5.6684,2.7646,1.8,2.5077,3.6131,2.7794,3.1619,2.4862,4.2243,4.99,6.5641,4.5768,4.2801
2.6134,4.1179,0.74733,0.24706,2.375,4.9211,2.0279,2.8344,3.2668,4.8348,1.5535,1.6564,2.6357,2.1076,4.0406
1.3708,1.5812,2.0474,2.6122,2.4439,1.7979,2.6567,2.7491,3.0815,2.7949,2.8535,1.5651,1.6835,1.5403,1.3305
1.0735,0.50491,1.6402,0.34263,0.98035,1.805,0.23284,1.7688,1.5764,2.253,0.63829,0.41234,0.58562,0.63728,0.78121
3.9821,0.67382,1.3935,0.81148,1.2594,1.4845,1.3404,0.19377,0.9667,0.54568,2.1072,0.3504,0.1828,0.15848,0.7499
0.08725,1.057,0.16518,0.57754,1.4773,0.38659,0.84301,0.59555,0.80759,1.4208,0.65609,0.44184,0.27729,0.72093,0.30136
0.2924,0.37588,0.3535,0.40864,0.35075,0.23831,0.18766,0.58539,0.64023,0.65269,0.46117,0.27181,0.11598,0.69605,0.22375
0.55056,1.137,0.86573,0.87182,1.0289,0.85224,0.45512,1.4283,0.36305,0.57044,0.51994,0.36644,1.3314,0.30586,1.6138
2.0091,1.3642,0.65722,1.3577,1.1346,2.5646,0.48129,2.6599,0.5606,1.4881,1.052,1.5835,1.4607,0.63923,3.3937
1.7741,2.0658,1.4115,0.81751,3.8154,2.5818,1.8806,3.1559,3.0217,0.45124,1.0512,1.6553,1.7198,4.0316,2.841
