1.5649,0.81659,0.37574,1.8513,2.5422,1.5457,3.3412,3.194,2.1027,7.2933,1.6136,1.8787,5.108,2.1602,2.0062
2.0873,3.4912,2.3617,2.551,3.2907,4.4726,2.6285,2.7434,2.3668,5.2129,0.049699,0.92728,2.2679,2.0478,4.4491
3.2389,3.125,5.6653,2.8386,2.0949,3.0758,3.7281,2.9282,3.1617,3.1547,3.162,4.2589,6.5049,4.4166,4.9683
2.599,4.061,1.1444,0.13175,1.9923,4.842,2.1524,2.7181,3.2258,4.7861,1.5182,1.8967,3.1838,2.3886,4.4723
1.3215,1.9064,1.4889,1.6492,2.1662,2.2334,2.4327,2.7368,3.2504,3.2695,2.3871,1.2799,1.8185,1.4197,1.7029
0.91272,0.51339,1.4727,0.31961,1.0696,1.9968,0.27886,2.1638,2.0643,2.947,0.73786,0.33936,0.57942,0.55522,0.74625
4.0777,0.53112,1.6951,0.53025,1.3771,1.9403,0.86335,0.29835,1.2878,0.79899,1.9825,0.2094,0.1365,0.11132,0.70352
0.18081,0.99539,0.24339,0.5397,1.7959,0.52896,0.92392,0.46426,0.98288,1.5141,0.87014,0.30329,0.15314,0.45661,0.31252
0.19917,0.50084,0.27071,0.43736,0.53027,0.25433,0.25374,0.58663,0.83713,0.93372,0.58803,0.22447,0.063224,0.69272,0.18562
0.41123,1.2251,0.75047,0.89987,1.1311,0.72209,0.36919,1.6081,0.48912,0.75478,0.60609,0.27299,0.80578,0.39503,1.2763
1.9064,1.7263,0.76527,1.6074,1.4285,2.8253,0.42137,3.4126,0.55555,1.6773,1.1199,1.3514,1.6765,0.58398,4.18
2.0806,2.3386,1.2502,1.0148,4.0293,3.0774,1.461,3.7505,2.6555,0.65391,1.0799,1.7896,1.9662,3.6483,3.4749
