1.6113,0.85429,0.40829,1.9011,2.6001,1.4875,3.3002,3.124,2.1219,7.6934,1.6747,1.7672,5.5709,2.0672,2.1118
2.2088,4.0283,3.1343,2.5427,3.0181,4.6159,2.186,2.3235,2.2542,4.3598,0.039631,0.90661,1.651,1.9139,4.3692
3.4518,2.3775,5.4663,2.762,1.6926,2.0305,3.7116,2.8331,3.2369,2.065,5.0473,5.5486,6.902,4.7731,3.7628
2.6122,4.0074,0.87803,0.19716,2.2117,4.7635,2.0476,2.7777,3.246,4.6822,1.6671,1.8042,2.8865,2.2075,4.0684
1.3525,1.6517,1.8962,2.3917,2.3935,1.9159,2.5924,2.7404,3.1081,2.9201,2.7571,1.4904,1.683,1.4941,1.4026
0.93196,0.46739,1.6132,0.37905,1.0732,1.7829,0.27287,2.0702,1.983,2.727,0.75727,0.36543,0.54695,0.56911,0.68403
3.9718,0.4901,1.7431,0.54558,1.3318,1.9327,0.81973,0.31664,1.3333,0.89723,1.9364,0.20623,0.12227,0.10593,0.65107
0.45135,0.86671,0.35115,0.49162,2.0593,0.743,0.91016,0.37231,1.1539,1.6011,1.1862,0.20311,0.065136,0.28315,0.2815
0.27251,0.51765,0.2871,0.40113,0.84296,0.30392,0.27833,0.49685,1.0285,1.2816,0.76414,0.16236,0.024635,0.51947,0.15593
0.38705,1.2387,0.66286,0.81847,1.4885,0.67486,0.31525,1.5162,0.68369,1.1369,0.75376,0.13853,0.36901,0.35004,0.94491
1.7713,1.9143,0.71645,1.5876,1.7631,2.7404,0.34703,3.9098,0.62542,1.9976,1.1983,1.0474,1.2544,0.50712,4.0914
2.094,2.4652,1.1221,1.019,4.2214,3.3597,1.2267,4.3996,2.5767,0.7935,1.0716,1.5864,1.7747,3.3955,4.092
