0.45317,1.7138,1.0713,0.70643,1.9697,0.89741,2.5783,1.2183,0.80289,2.6165,2.3133,3.5821,1.3571,3.2556,1.2617,2.2357,2.0506,2.4693,2.3112,4.3617
1.567,1.1401,2.285,3.3233,0.30618,1.8828,2.1312,1.6337,2.9275,3.4408,1.3486,4.2599,1.5595,0.55494,1.3851,2.6737,1.724,3.0349,1.8952,3.1113
3.8734,4.1095,3.4045,4.6838,4.017,3.93,4.881,2.2857,6.1576,3.4226,2.7934,3.2151,3.2981,3.1452,4.3866,2.0787,5.0658,4.5901,3.3364,3.0083
2.953,5.0078,0.7671,2.8219,2.9259,2.6223,3.4646,3.3167,2.1029,3.2215,2.4646,3.287,3.5532,4.7228,2.5424,2.5492,2.1918,3.3605,1.8794,1.3653
0.85518,2.3026,0.35756,1.4124,0.95935,2.5102,3.9445,3.6619,0.81638,2.3675,1.7833,4.1218,2.2103,1.6114,3.3107,2.8527,2.4482,1.433,1.978,2.4371
1.1583,0.91562,0.54209,1.5146,0.85068,0.56592,1.7899,0.37228,0.60759,3.6226,1.5088,2.3832,0.71704,0.7864,4.4897,1.863,0.80141,0.82768,0.50538,1.8338
2.1717,1.1004,1.5282,3.1011,0.079295,1.5629,0.58734,0.54728,0.39373,1.6616,0.78938,0.85076,1.6032,1.2765,0.29712,0.3998,0.88313,2.2296,0.65943,2.8928
0.56751,0.40754,0.56757,0.54816,0.42607,0.35969,0.62127,0.95158,0.57694,0.56984,0.61525,0.095607,0.38871,1.0825,0.55993,0.62362,0.73178,1.0905,0.1363,0.70416
0.67629,0.29555,0.56084,0.32504,1.1667,0.95723,0.64274,0.39366,0.439,0.92275,1.3736,0.41197,1.6136,0.48085,0.18508,0.12679,0.31439,0.22236,0.63471,0.49811
1.2415,0.43629,0.85003,0.24558,0.40448,0.62071,0.88893,0.63308,0.42857,0.72527,1.7602,0.31104,0.8089,0.41292,0.41067,0.067174,0.27344,0.69062,0.60807,0.31524
1.6355,1.5949,1.1701,0.30804,1.3298,1.1987,1.2623,0.59658,1.9543,1.1979,3.1666,0.37727,1.1944,0.85591,0.91776,0.68061,1.3211,1.2004,0.9294,0.32598
1.6164,1.9065,1.6963,0.66535,2.2043,2.5733,3.8514,1.5551,2.9904,2.419,4.41,0.9517,2.4373,2.4601,2.5026,2.7431,0.73858,3.355,1.4004,0.4567
