4.1666,3.4458,0.34907,1.9798,1.4929,3.0419,1.4437,1.0888,2.312,4.0658
4.3291,1.6248,1.7579,1.1337,4.0322,3.4267,2.8495,3.3637,4.2468,4.2257
2.9137,2.0495,0.93889,4.9523,4.1928,2.5855,4.2534,3.3958,4.7923,5.0428
5.2653,3.5399,1.3229,4.4903,2.8388,1.4425,2.7924,3.8908,3.5056,2.6373
4.0225,1.6769,0.91255,3.7896,2.932,1.5675,3.9239,3.1171,3.8119,2.6718
3.84,0.41395,0.49341,1.6402,0.59538,0.47366,1.7145,2.1466,1.1915,0.97251
1.9134,0.2566,2.1309,1.7732,1.9625,0.42181,0.75947,1.2394,0.72122,0.47597
1.5083,1.1323,0.96213,0.82175,0.35587,0.35419,0.17173,0.69596,0.55563,0.96025
3.0015,0.23153,0.53961,1.518,0.35817,0.064481,0.47964,0.66046,0.87707,0.3985
0.41348,1.7907,0.86699,0.97847,1.1624,0.014796,0.97745,0.24003,1.4847,1.3691
0.44759,1.5428,0.51478,2.8208,0.80652,0.92407,0.9735,1.5927,1.4294,3.6029
0.40939,0.86012,2.1874,1.7384,1.7946,1.3487,2.3795,3.0763,1.0705,3.8791
