0.41208,1.8054,1.148,0.77456,2.0673,0.87791,2.6999,1.325,0.60211,2.68,2.3306,3.3855,1.3105,3.1862,1.2962,2.1068,1.7001,2.5103,2.3115,4.342
1.8665,1.2663,2.3008,2.9382,0.43271,1.5822,2.1695,1.628,2.8508,3.4669,1.3936,4.1556,1.4781,0.4966,1.3494,2.7141,1.5991,3.0708,1.9386,2.9413
3.9282,3.9658,3.4842,4.5913,4.5039,3.7515,4.8882,2.2499,6.1987,3.4105,2.7498,3.0982,3.2265,3.474,4.2598,2.1733,4.9589,4.6354,3.2665,2.9933
3.0039,5.0051,0.86659,2.7882,3.0201,2.6376,3.4201,3.2277,1.9722,3.3187,2.3882,3.2382,3.5832,4.9636,2.5298,2.4507,2.1341,3.3444,1.9198,1.3183
0.92694,2.1719,0.59798,1.478,1.0418,2.5501,3.9477,3.6666,0.75205,2.4157,1.698,4.1387,2.2158,1.5133,3.2796,2.7584,2.395,1.446,1.95,2.5864
0.95127,0.91615,0.68784,1.484,0.77823,0.57095,1.6562,0.33665,0.58405,3.6948,1.4634,2.3387,0.73756,0.7283,4.2305,1.8037,0.80166,0.79958,0.53504,1.881
2.146,1.1759,1.6081,3.0713,0.070288,1.5385,0.56109,0.54243,0.37435,1.6059,0.78008,0.78938,1.5725,1.1909,0.32831,0.38094,0.89637,2.2247,0.66472,2.8125
0.52336,0.41444,0.55128,0.51812,0.49962,0.34476,0.60239,0.92453,0.55941,0.54486,0.64538,0.10102,0.3718,1.0627,0.5568,0.60479,0.75324,1.0125,0.15102,0.64442
0.69983,0.29488,0.58809,0.34158,1.3292,0.899,0.65901,0.37965,0.45908,0.96192,1.429,0.51747,1.516,0.45774,0.19786,0.13112,0.32013,0.20845,0.63315,0.49331
1.2589,0.41,0.88134,0.24278,0.3758,0.59338,0.90522,0.6437,0.47455,0.70621,1.6425,0.37162,0.72825,0.43914,0.39331,0.049544,0.25741,0.65393,0.61701,0.3391
1.5865,1.5249,1.1884,0.29746,1.2489,1.2514,1.2719,0.63513,2.0556,1.2209,2.9583,0.37908,1.1851,0.86703,0.86765,0.79429,1.2852,1.2299,0.98703,0.31361
1.6197,1.9075,1.7937,0.82812,2.2522,2.6892,3.9535,1.5604,2.9742,2.5241,4.2391,0.87746,2.5302,2.3992,2.4007,2.7663,0.78725,3.4742,1.4347,0.58354
