4.1481,3.4293,0.34121,1.9674,1.4818,3.8984,1.4648,1.1923,2.2208,4.1369
4.0964,1.5055,2.6419,1.3208,3.9234,3.3914,2.7635,3.4028,4.4075,4.0073
2.7228,2.0049,1.3981,5.0581,4.0237,2.5689,4.438,3.3961,4.581,4.8187
5.098,3.4762,2.0486,4.3912,2.882,1.3968,2.8227,4.0826,3.4317,2.5337
3.7494,1.6986,1.1366,3.6275,3.1211,1.8333,4.107,3.0618,3.8491,2.5861
3.2825,0.41791,0.53369,1.4251,0.56401,0.56349,1.4711,1.9899,1.0292,0.95578
1.5898,0.24889,2.1754,1.7086,1.8809,0.44471,0.71976,1.1274,0.76436,0.54431
1.3778,1.0878,0.86486,0.75667,0.31573,0.34214,0.19861,0.68344,0.63424,0.97979
2.6099,0.20714,0.5069,1.4968,0.32585,0.056523,0.48343,0.68905,0.99599,0.37479
0.32736,1.7467,0.94624,0.85358,1.0793,0.32031,1.0998,0.25236,1.4307,1.394
0.37821,1.368,0.5278,2.7864,0.75701,1.2249,0.9601,1.6025,1.3035,3.3732
0.38518,0.91554,2.2027,1.5891,1.6994,1.6588,2.3796,3.1396,1.1587,3.594
