2.4673,2.3006,1.373,1.9153,1.7692,2.419,1.873,1.5277,2.261,2.4257
2.9894,2.159,2.079,1.9466,2.7769,2.601,2.335,2.6286,3.0644,3.1448
3.4992,3.0318,2.4316,3.7587,3.6532,2.9499,3.6613,3.469,3.9482,4.2017
3.6892,3.016,2.2183,3.2788,2.9241,2.5277,2.8133,3.153,3.2267,2.8568
2.7152,1.8114,1.3578,2.5194,2.2215,1.9966,2.4132,2.2573,2.5703,2.2973
1.7837,0.70952,0.64994,1.2302,0.86898,0.70539,1.3047,1.277,1.1795,1.0807
1.1352,0.45686,0.87757,1.1087,1.009,0.45089,0.82697,0.9348,0.82783,0.58938
0.88547,0.61171,0.55782,0.70918,0.42627,0.39076,0.37197,0.61789,0.51391,0.57727
1.2263,0.38397,0.48959,0.71676,0.43597,0.29242,0.48201,0.54564,0.57051,0.46297
0.71219,0.70875,0.70588,0.71529,0.75326,0.31574,0.68989,0.47818,0.84655,0.78507
0.9993,1.2194,0.97792,1.7556,1.0361,0.80399,0.99572,1.2777,1.2379,1.6399
1.612,1.8644,1.9762,2.1139,1.8507,1.4655,1.8939,2.144,1.7216,2.607
