4.2109,3.4853,0.36793,2.0095,1.5193,3.2352,1.5276,1.0153,2.4559,3.9887
3.7252,1.1851,2.5146,1.0869,4.2177,3.0258,3.0501,3.7534,4.0527,3.6359
2.0967,2.6724,1.1425,6.1448,3.1801,2.121,3.8884,2.7257,3.7139,4.0537
5.2631,3.9113,1.8499,4.2711,2.5677,1.5417,2.5663,3.7844,3.148,2.2934
3.5932,1.5124,1.3136,3.4085,2.8838,1.9374,3.8904,2.8329,3.5636,2.6811
3.8411,0.38858,0.56277,1.6127,0.57555,0.51592,1.8319,2.0089,1.2063,0.9395
2.3977,0.23118,2.1576,1.7885,1.8694,0.41808,0.80441,1.2945,0.70765,0.45019
2.2959,0.85845,1.3801,1.0914,0.50407,0.29541,0.17791,0.8212,0.53561,0.83385
5.0765,0.23058,0.75481,1.891,0.40192,0.046986,0.41494,0.74083,0.84181,0.40735
1.3928,1.5258,1.0849,1.6807,1.1477,-0.087166,0.88484,0.30422,1.7071,1.3146
0.83436,1.7738,0.61454,3.6913,0.88983,0.543,0.97737,1.5603,1.7926,3.9772
0.56093,0.95846,2.1391,2.2361,1.7693,0.99775,2.3103,3.0749,1.2166,4.537
