-0.4826,1.6481,1.0164,0.65762,1.8998,0.90377,2.4612,1.1724,0.78452,2.5021,2.2324,3.7146,1.2825,3.1991,1.2053,2.7024,1.9832,2.4227,2.1889,4.1239
2.2732,1.1738,2.6533,3.9328,0.23469,2.3426,1.8429,1.9126,3.4667,3.1243,1.1486,3.7387,1.7656,0.15582,1.6382,2.4925,1.6152,2.7677,1.6904,2.5289
4.3312,5.1656,3.3964,3.8728,5.8676,4.2096,5.2176,2.7357,5.5394,2.8746,3.623,2.378,3.8817,4.7341,5.1751,1.9665,5.7179,4.2112,3.7824,2.7219
2.8582,4.9103,0.72993,2.5224,2.9217,2.5059,3.2361,3.5976,1.8039,3.1147,2.6363,3.1934,3.5883,4.9094,2.408,2.8007,2.0026,3.0929,1.89,1.3778
0.78327,1.9666,0.8483,1.3559,0.89755,2.5184,3.6976,3.4894,0.94926,2.2139,1.8549,3.9222,2.0041,1.3266,3.3455,2.9106,2.5889,1.2599,2.2228,2.8673
1.1847,0.80487,0.67151,1.4959,0.86684,0.5364,1.8278,0.37398,0.65924,3.335,1.4921,2.5017,0.64881,0.72235,4.5218,1.817,0.78254,0.79245,0.51285,1.9002
2.1145,0.99883,1.6093,3.0538,0.072177,1.4832,0.60556,0.5299,0.3931,1.9553,0.77555,0.95119,1.4861,1.1853,0.42331,0.40771,0.83814,2.1094,0.64128,2.998
0.82473,0.4197,0.73252,0.96536,0.24882,0.44996,0.57894,0.85049,0.48228,0.81967,0.59889,0.11149,0.4821,1.1813,0.5303,0.53076,0.72007,1.521,0.11801,1.2067
0.81047,0.27833,0.6287,0.44437,0.8598,0.98829,0.60704,0.40469,0.38413,1.0956,1.3297,0.35346,1.6722,0.58827,0.17093,0.10886,0.31668,0.3336,0.51643,0.69798
1.4732,0.34887,0.92628,0.27492,0.46391,0.7959,0.90828,0.59423,0.36183,0.98929,2.3975,0.24412,1.3012,0.46727,0.28021,-0.024591,0.22455,0.71453,0.55897,0.41135
1.9455,1.4046,1.2324,0.27479,1.3115,1.2916,1.3013,0.55515,1.7584,1.358,4.3431,0.2906,1.4921,0.83926,0.74486,0.44959,1.151,1.1952,0.86373,0.3317
1.7402,1.8052,1.6728,0.50429,2.1482,2.5671,3.8135,1.4174,2.9587,2.451,5.1894,0.7436,2.5442,2.3577,2.2838,2.4046,0.62137,3.2835,1.2858,0.34145
