1.7863,2.1953,1.9753,1.8373,2.2763,1.4317,1.9344,1.5382,1.2134,2.1413,2.0099,2.6878,1.7422,2.281,1.8089,2.5399,2.0004,2.0978,1.828,2.6579
2.3667,2.227,2.5668,2.8689,1.9737,2.4365,2.349,2.3057,2.5053,2.7724,2.2154,3.2541,1.8626,2.0884,2.3183,3.0109,2.2685,2.7274,2.1493,2.9158
3.4596,3.5914,3.3778,3.7545,3.5493,3.6874,4.0603,3.1319,4.1994,3.3308,3.2852,3.5559,3.2929,3.5017,3.5753,3.1456,3.5499,3.7634,3.5612,3.3724
2.8509,3.435,2.2118,2.921,2.8229,2.5632,3.0345,2.7604,2.5943,3.0985,2.6687,3.2429,3.0725,3.3754,2.6353,2.8113,2.513,3.0487,2.6348,2.5173
1.4124,2.0149,1.2318,1.6435,1.4911,1.992,2.4825,2.2651,1.6223,2.1753,1.8375,2.7153,1.9733,1.8382,2.3511,2.1919,2.2572,1.9495,1.8835,2.1266
0.96022,1.0074,0.70648,1.1039,0.8634,0.84438,1.2665,0.7867,0.85262,1.3241,0.9797,1.3519,0.83362,0.85373,1.5196,1.1024,0.90363,0.89746,0.66537,1.0671
1.1441,0.99416,0.8991,1.3574,0.46475,0.95798,0.82185,0.71075,0.59147,1.0171,0.69431,0.85427,0.88746,0.88261,0.71925,0.65003,0.6859,0.94644,0.65211,1.0499
0.52464,0.51286,0.43974,0.52314,0.45447,0.44505,0.62042,0.6084,0.46017,0.63115,0.58432,0.42,0.50644,0.7495,0.63125,0.58847,0.55953,0.70009,0.37558,0.6161
0.45039,0.36665,0.41504,0.39504,0.46166,0.52769,0.51109,0.44521,0.35135,0.64981,0.62835,0.52395,0.68667,0.46605,0.34062,0.33626,0.409,0.40088,0.45132,0.59931
0.80099,0.45585,0.74047,0.57102,0.48188,0.60624,0.65617,0.54313,0.54298,0.7065,0.83693,0.46306,0.6115,0.43587,0.5443,0.36553,0.47914,0.64003,0.49525,0.57868
1.5964,1.3265,1.3013,0.96604,1.3298,1.2864,1.1946,0.90219,1.4804,1.2289,1.8435,0.7345,1.3263,1.1974,1.0308,0.84101,1.1802,1.2949,1.055,0.82643
1.8488,1.9956,1.7348,1.3359,1.9895,2.1164,2.4862,1.9569,2.0888,2.0133,2.8589,1.4603,2.2366,2.2831,1.8539,1.9732,1.4574,2.3429,1.7294,1.3358
